"Chr","CO Start","CO End","length"
1,2307257,2307776,519
1,2467326,2470205,2879
1,2467326,2469093,1767
1,2686193,2691818,5625
1,2691875,2693911,2036
1,2691875,2693911,2036
1,2691875,2693911,2036
1,2784234,2790240,6006
1,2784234,2792863,8629
1,2872340,2875997,3657
1,2872340,2875997,3657
1,3000742,3000812,70
1,3000754,3010418,9664
1,3022871,3029139,6268
1,3022871,3029139,6268
1,3027433,3028019,586
1,3079146,3081602,2456
1,3131760,3136209,4449
1,3190712,3197228,6516
1,3192727,3197156,4429
1,3192727,3200233,7506
1,3192727,3196567,3840
1,3197122,3197225,103
1,3197144,3199279,2135
1,3197144,3199279,2135
1,3197225,3199277,2052
1,3197225,3199279,2054
1,3278820,3287139,8319
1,3280221,3282170,1949
1,3404081,3404158,77
1,3438535,3439377,842
1,3439048,3440004,956
1,3699243,3703741,4498
1,3699464,3702520,3056
1,3699464,3703058,3594
1,3699868,3702520,2652
1,3701096,3702520,1424
1,3702520,3703558,1038
1,3703021,3703141,120
1,3703196,3703741,545
1,3708430,3708857,427
1,3708786,3715307,6521
1,3731400,3736107,4707
1,3734702,3741991,7289
1,3734702,3741991,7289
1,3734910,3735236,326
1,3736125,3739861,3736
1,3736758,3742325,5567
1,3878526,3887467,8941
1,3886264,3889317,3053
1,4040233,4042958,2725
1,4055044,4057610,2566
1,4055521,4062718,7197
1,4055521,4056500,979
1,4056065,4057500,1435
1,4056065,4059517,3452
1,4056065,4059517,3452
1,4056065,4059517,3452
1,4056500,4057454,954
1,4057500,4062718,5218
1,4057500,4062718,5218
1,4445279,4452378,7099
1,4445292,4446759,1467
1,4445292,4446791,1499
1,4446791,4451051,4260
1,4446840,4452312,5472
1,4452378,4453412,1034
1,4512268,4519320,7052
1,4512689,4519305,6616
1,4545557,4548912,3355
1,4545557,4547762,2205
1,4545557,4548845,3288
1,4547739,4548642,903
1,4547762,4548117,355
1,4548117,4557453,9336
1,4548117,4548845,728
1,4592961,4602579,9618
1,4598562,4599469,907
1,4601710,4609633,7923
1,4603747,4609477,5730
1,4741870,4747433,5563
1,4741870,4748614,6744
1,4741870,4748614,6744
1,4747433,4752501,5068
1,4748996,4753411,4415
1,4754464,4757229,2765
1,4757056,4764981,7925
1,4764981,4766734,1753
1,4766389,4772203,5814
1,4766734,4772159,5425
1,4994210,4998749,4539
1,4994210,5001052,6842
1,4994210,4998542,4332
1,4996237,5002432,6195
1,4996485,5001941,5456
1,5002029,5003106,1077
1,5002033,5010040,8007
1,5002046,5006761,4715
1,5002432,5012424,9992
1,5002521,5006696,4175
1,5002524,5010452,7928
1,5003081,5006696,3615
1,5003081,5010438,7357
1,5003106,5010040,6934
1,5006761,5014193,7432
1,5007050,5010452,3402
1,5007050,5012365,5315
1,5055764,5056746,982
1,5088575,5089062,487
1,5337037,5342160,5123
1,5342160,5345349,3189
1,5345432,5348199,2767
1,5432380,5434875,2495
1,5432405,5434875,2470
1,5432405,5434875,2470
1,5435362,5441654,6292
1,5525767,5532588,6821
1,5525813,5530366,4553
1,5530366,5532484,2118
1,5532484,5533261,777
1,5532484,5535167,2683
1,5532591,5533261,670
1,5534347,5542479,8132
1,5534347,5539764,5417
1,5625128,5629244,4116
1,5628133,5629244,1111
1,5629244,5633120,3876
1,5633120,5639457,6337
1,5634438,5639457,5019
1,5639457,5647876,8419
1,5639833,5647052,7219
1,5738775,5745185,6410
1,5741611,5745185,3574
1,5741876,5745185,3309
1,5746250,5748151,1901
1,5809711,5813347,3636
1,6154977,6157449,2472
1,6154977,6156685,1708
1,6154977,6157471,2494
1,6154977,6157471,2494
1,6193258,6199661,6403
1,6193271,6199040,5769
1,6198966,6200847,1881
1,6199633,6200681,1048
1,6217347,6224169,6822
1,6217347,6224169,6822
1,6217907,6224169,6262
1,6233948,6235770,1822
1,6234661,6235800,1139
1,6234661,6241519,6858
1,6234790,6241519,6729
1,6235770,6236860,1090
1,6241519,6250913,9394
1,6412119,6415309,3190
1,6412119,6412738,619
1,6532012,6534680,2668
1,6532012,6536752,4740
1,6533385,6534680,1295
1,6533913,6534680,767
1,6534733,6536937,2204
1,6534733,6536855,2122
1,6534733,6542353,7620
1,6536855,6542402,5547
1,6536937,6546117,9180
1,6536937,6542353,5416
1,6542423,6546351,3928
1,6922110,6923696,1586
1,6922110,6923837,1727
1,6922413,6923802,1389
1,6923719,6926897,3178
1,6923837,6926541,2704
1,7070904,7079762,8858
1,7070904,7072547,1643
1,7072547,7079738,7191
1,7072547,7077207,4660
1,7079762,7084877,5115
1,7079762,7086138,6376
1,7079884,7086138,6254
1,7084750,7086437,1687
1,7355735,7356395,660
1,7355735,7359832,4097
1,7356395,7359832,3437
1,7356406,7359003,2597
1,7356440,7358999,2559
1,7389930,7390758,828
1,7390714,7391412,698
1,7390865,7397669,6804
1,7391420,7397140,5720
1,7391420,7395120,3700
1,7391455,7396812,5357
1,7393067,7396812,3745
1,7395105,7401017,5912
1,7395137,7400706,5569
1,7396649,7397669,1020
1,7397669,7400706,3037
1,7400706,7404694,3988
1,7400706,7404694,3988
1,7401469,7408085,6616
1,7456761,7458204,1443
1,7996742,7997897,1155
1,8019665,8024983,5318
1,8028954,8038925,9971
1,8450406,8451871,1465
1,8450434,8451871,1437
1,8451520,8455308,3788
1,8451520,8458311,6791
1,8455331,8458477,3146
1,8458378,8459890,1512
1,8538065,8540559,2494
1,8558063,8559379,1316
1,8558063,8560768,2705
1,8619802,8628074,8272
1,8619802,8623262,3460
1,8623262,8629730,6468
1,8623262,8628184,4922
1,8623262,8629730,6468
1,8623262,8623909,647
1,8623262,8631652,8390
1,8623324,8628184,4860
1,8623324,8628076,4752
1,8623324,8625680,2356
1,8623881,8625680,1799
1,8623909,8628074,4165
1,8625147,8631652,6505
1,8625147,8631652,6505
1,8625486,8625889,403
1,8626029,8628637,2608
1,8626029,8628158,2129
1,8626029,8631652,5623
1,8626069,8628075,2006
1,8626069,8628075,2006
1,8626069,8628074,2005
1,8628158,8635663,7505
1,8628184,8631652,3468
1,8628637,8631652,3015
1,8631652,8634520,2868
1,9048409,9050234,1825
1,9050277,9058500,8223
1,9123511,9125034,1523
1,9305229,9310705,5476
1,9305229,9310705,5476
1,9305295,9311849,6554
1,9305295,9311849,6554
1,9305295,9311849,6554
1,9305295,9307880,2585
1,9307880,9311849,3969
1,9396313,9397218,905
1,9432380,9437173,4793
1,9432380,9437106,4726
1,9580160,9580970,810
1,10033663,10036867,3204
1,10821217,10826220,5003
1,10842578,10846464,3886
1,10900176,10901855,1679
1,10900221,10902490,2269
1,10960811,10970083,9272
1,10960822,10969971,9149
1,10963163,10971259,8096
1,10963163,10970441,7278
1,10963163,10970468,7305
1,10963163,10970441,7278
1,10963206,10969550,6344
1,10963339,10970076,6737
1,10963339,10969529,6190
1,10963339,10970932,7593
1,10969538,10978021,8483
1,10970468,10978021,7553
1,10970468,10978021,7553
1,10970468,10978001,7533
1,10970468,10974227,3759
1,10971065,10978001,6936
1,10971065,10978001,6936
1,10971259,10978001,6742
1,10974227,10974922,695
1,10974227,10977423,3196
1,10974227,10978001,3774
1,10974227,10977230,3003
1,10978001,10982451,4450
1,10978348,10982640,4292
1,10989163,10995341,6178
1,10989264,10995341,6077
1,11991587,11993423,1836
1,12164086,12170666,6580
1,12164086,12170666,6580
1,12166135,12170532,4397
1,12166135,12170532,4397
1,12166782,12170650,3868
1,12169544,12176349,6805
1,12169708,12170650,942
1,12169708,12170650,942
1,12169708,12177764,8056
1,12169774,12170650,876
1,12169787,12170650,863
1,12169787,12170532,745
1,12170532,12176322,5790
1,12170532,12176349,5817
1,12170532,12171712,1180
1,12170650,12171712,1062
1,12170655,12180323,9668
1,12170666,12176349,5683
1,12170666,12171712,1046
1,12170666,12176349,5683
1,12171555,12180255,8700
1,12177875,12180323,2448
1,12209994,12210891,897
1,12210891,12211626,735
1,12250058,12255416,5358
1,12254174,12255416,1242
1,12254174,12255547,1373
1,12254447,12256087,1640
1,12338377,12344394,6017
1,12338382,12344369,5987
1,12344369,12352857,8488
1,12344374,12352857,8483
1,12347793,12357413,9620
1,12352857,12357243,4386
1,12352857,12356603,3746
1,12352950,12356603,3653
1,12496506,12498445,1939
1,12513998,12519415,5417
1,12514003,12516926,2923
1,12519299,12520146,847
1,12661273,12663168,1895
1,12661324,12663168,1844
1,12661324,12663329,2005
1,12852722,12855584,2862
1,12852722,12853989,1267
1,12852758,12853989,1231
1,12983056,12990895,7839
1,13643091,13647501,4410
1,13679217,13684658,5441
1,13684658,13689581,4923
1,14033112,14033646,534
1,14033112,14033646,534
1,14033112,14033426,314
1,14033143,14033426,283
1,14164038,14165556,1518
1,14164038,14165556,1518
1,14164177,14165938,1761
1,14164177,14165553,1376
1,14164197,14165938,1741
1,14164337,14165556,1219
1,14164337,14165556,1219
1,14164337,14169991,5654
1,14164337,14165676,1339
1,14164337,14166111,1774
1,14165556,14165899,343
1,14165938,14169991,4053
1,14166621,14169005,2384
1,14166639,14169005,2366
1,14449198,14449302,104
1,15067820,15075522,7702
1,15067854,15068604,750
1,15068604,15071030,2426
1,15068604,15075522,6918
1,15068740,15071030,2290
1,15068782,15069306,524
1,15069390,15075522,6132
1,15070508,15075522,5014
1,15071141,15075522,4381
1,15169935,15176339,6404
1,15169946,15176108,6162
1,15771361,15774769,3408
1,15907388,15908246,858
1,15995431,15999562,4131
1,15995473,15999516,4043
1,16045315,16047137,1822
1,16045504,16048550,3046
1,16058883,16068441,9558
1,16059198,16064515,5317
1,16060486,16064515,4029
1,16062255,16067724,5469
1,16062255,16067724,5469
1,16371632,16378113,6481
1,16372398,16377974,5576
1,16775895,16777433,1538
1,16777521,16778684,1163
1,16779244,16783464,4220
1,16783464,16792461,8997
1,16783620,16789465,5845
1,16783682,16792521,8839
1,16783688,16792461,8773
1,16784414,16792521,8107
1,16784414,16789465,5051
1,16792461,16802074,9613
1,16792461,16797219,4758
1,16792461,16797219,4758
1,16792521,16795405,2884
1,16793912,16799917,6005
1,16821105,16825995,4890
1,17681454,17690003,8549
1,17681499,17690003,8504
1,17681499,17686866,5367
1,17681499,17686866,5367
1,17681499,17686866,5367
1,17681499,17690003,8504
1,17681499,17690003,8504
1,17690003,17695167,5164
1,17843988,17850964,6976
1,17882653,17885048,2395
1,17886361,17890924,4563
1,17886448,17890924,4476
1,18625392,18630563,5171
1,18974390,18980219,5829
1,18976884,18980219,3335
1,18978470,18980781,2311
1,18980219,18984920,4701
1,19100942,19104390,3448
1,19100942,19101737,795
1,19252635,19256198,3563
1,19252635,19256198,3563
1,19252635,19260547,7912
1,19256198,19263004,6806
1,19260249,19263143,2894
1,19263004,19263143,139
1,19474802,19476375,1573
1,19474802,19476375,1573
1,19633901,19642337,8436
1,19637365,19642472,5107
1,19678672,19680178,1506
1,19679459,19680783,1324
1,19679687,19680783,1096
1,19974972,19978981,4009
1,19976359,19978981,2622
1,21694270,21703406,9136
1,21699505,21703406,3901
1,21710048,21713635,3587
1,21710787,21713786,2999
1,21711001,21713786,2785
1,21713635,21721398,7763
1,21713786,21721398,7612
1,21713786,21721398,7612
1,21713823,21722510,8687
1,22259689,22260272,583
1,22376186,22384893,8707
1,22432934,22437508,4574
1,22634662,22641334,6672
1,22634863,22641998,7135
1,22634864,22639368,4504
1,22639707,22643947,4240
1,22641334,22643947,2613
1,23110666,23116469,5803
1,23111347,23116667,5320
1,23111347,23116930,5583
1,23111347,23116667,5320
1,23111347,23116667,5320
1,23111347,23116667,5320
1,23111347,23116930,5583
1,23224787,23229125,4338
1,23224863,23229352,4489
1,23226308,23229352,3044
1,23240587,23244064,3477
1,23557922,23563598,5676
1,23557922,23566708,8786
1,23566233,23566797,564
1,24206863,24208009,1146
1,24207403,24215213,7810
1,24212915,24215225,2310
1,24671082,24673475,2393
1,24671082,24673475,2393
1,24671153,24673475,2322
1,24671202,24675535,4333
1,24676752,24678908,2156
1,24739921,24746073,6152
1,25371881,25374411,2530
1,25374551,25375324,773
1,25375059,25378159,3100
1,25375324,25375679,355
1,25375679,25379276,3597
1,25375679,25378159,2480
1,25410867,25411020,153
1,25418155,25423338,5183
1,25423338,25425465,2127
1,25705131,25710814,5683
1,26948708,26951564,2856
1,27100391,27103172,2781
1,27100391,27108578,8187
1,27100446,27107018,6572
1,27100446,27107046,6600
1,27100446,27107018,6572
1,27101572,27111134,9562
1,27107046,27112375,5329
1,27107586,27108578,992
1,27119700,27126864,7164
1,27133743,27141078,7335
1,27134043,27140851,6808
1,27141130,27141593,463
1,27501695,27507964,6269
1,27625539,27627371,1832
1,27625539,27626149,610
1,27627335,27628869,1534
1,27627415,27630633,3218
1,27628269,27638257,9988
1,27978832,27982375,3543
1,28459291,28463380,4089
1,28963311,28964490,1179
1,28964713,28964818,105
1,28964818,28968040,3222
1,29190772,29192145,1373
1,29191570,29196597,5027
1,29787109,29788910,1801
1,30256482,30263575,7093
1,30256596,30258303,1707
1,30259081,30263250,4169
1,30279241,30286181,6940
1,30279241,30286165,6924
1,30279241,30284200,4959
1,30284270,30293279,9009
1,30683633,30686020,2387
1,30683633,30686020,2387
1,30683647,30686020,2373
1,30683647,30686020,2373
1,30684362,30686020,1658
1,31206057,31207566,1509
1,31744281,31747334,3053
1,32052805,32054052,1247
1,32081142,32087111,5969
1,32153886,32159320,5434
1,32578077,32580250,2173
1,32579652,32581175,1523
1,33112486,33120623,8137
1,33120555,33124580,4025
1,33121953,33123842,1889
1,33121961,33124634,2673
1,33122740,33124634,1894
1,33216241,33219233,2992
1,33317949,33321286,3337
1,34945212,34946756,1544
1,34946756,34950777,4021
1,34950521,34955830,5309
1,34950639,34959849,9210
1,34950777,34960438,9661
1,34955830,34962403,6573
1,34960438,34961182,744
1,34962403,34970565,8162
1,34993569,34995893,2324
1,34993572,34997402,3830
1,34993572,34997402,3830
1,34995893,34997399,1506
1,34996165,34997405,1240
1,35213738,35217574,3836
1,36345816,36346623,807
1,36913868,36916009,2141
1,36914680,36917454,2774
1,37125045,37125624,579
1,38548326,38550575,2249
1,38867911,38870244,2333
1,38868115,38871607,3492
1,38868115,38870244,2129
1,38868115,38870931,2816
1,38871647,38879590,7943
1,39243514,39248029,4515
1,39332739,39336405,3666
1,39855780,39857312,1532
1,39902089,39903286,1197
1,40229589,40230579,990
1,41425908,41430609,4701
1,41425908,41430539,4631
1,42015046,42020380,5334
1,42516388,42520422,4034
1,43107569,43110857,3288
1,43686796,43692662,5866
1,43756832,43765408,8576
1,43756832,43761371,4539
1,43759403,43768935,9532
1,43762282,43769455,7173
1,43762282,43769455,7173
1,43762284,43769455,7171
1,43762284,43769411,7127
1,43762362,43769455,7093
1,43765015,43765408,393
1,43765408,43768935,3527
1,43767816,43769455,1639
1,43768249,43769876,1627
1,43768935,43769455,520
1,43769015,43769411,396
1,43769455,43769877,422
1,44173608,44179087,5479
1,44176824,44179060,2236
1,45505827,45512252,6425
1,45508293,45512252,3959
1,45508318,45512277,3959
1,45512306,45513947,1641
1,45768008,45775048,7040
1,45768008,45771878,3870
1,45918987,45928305,9318
1,45923432,45928305,4873
1,45927189,45928305,1116
1,45927189,45928305,1116
1,45927189,45928305,1116
1,45927189,45928305,1116
1,45928305,45938015,9710
1,45930613,45939925,9312
1,45930686,45938015,7329
1,45938565,45946491,7926
1,45939925,45946491,6566
1,45939925,45946491,6566
1,45940042,45946491,6449
1,45940042,45946491,6449
1,45941144,45941735,591
1,45946491,45949598,3107
1,46119756,46125136,5380
1,46628742,46629889,1147
1,46737453,46737762,309
1,46841375,46848879,7504
1,46841605,46848894,7289
1,46841605,46848894,7289
1,46923985,46930058,6073
1,47177929,47178476,547
1,47322860,47325201,2341
1,47455786,47457001,1215
1,47504148,47507580,3432
1,47504204,47507580,3376
1,47769166,47774442,5276
1,47769166,47774442,5276
1,47906077,47906706,629
1,48547765,48553056,5291
1,48547765,48552891,5126
1,48547765,48552891,5126
1,48650753,48658401,7648
1,48658598,48660054,1456
1,48658598,48660689,2091
1,50951472,50957362,5890
1,50951691,50952932,1241
1,50951698,50959077,7379
1,50952261,50956474,4213
1,50952932,50959077,6145
1,50957185,50959005,1820
1,51397400,51398956,1556
1,52085005,52093581,8576
1,52087029,52096084,9055
1,52091509,52095894,4385
1,52091614,52096087,4473
1,52091614,52093581,1967
1,52156676,52161960,5284
1,52563676,52567938,4262
1,52603136,52604395,1259
1,53152937,53157221,4284
1,53152937,53154819,1882
1,53152937,53157221,4284
1,53154891,53162324,7433
1,53162324,53164498,2174
1,53413513,53422401,8888
1,53413513,53423512,9999
1,53465701,53467626,1925
1,53663024,53664940,1916
1,54128362,54132064,3702
1,55385478,55388394,2916
1,55388394,55389746,1352
1,55503972,55506290,2318
1,56074277,56078858,4581
1,56562101,56562734,633
1,56566984,56576530,9546
1,56573341,56573666,325
1,56574923,56576308,1385
1,56746957,56750933,3976
1,58451407,58458752,7345
1,59577094,59577972,878
1,60145121,60153734,8613
1,60146795,60153430,6635
1,60153892,60161367,7475
1,61016466,61019585,3119
1,61016648,61019585,2937
1,61134762,61138920,4158
1,61134762,61138782,4020
1,61134762,61138920,4158
1,61628652,61630352,1700
1,61708310,61716958,8648
1,61710668,61716958,6290
1,61940726,61948946,8220
1,62710244,62713701,3457
1,63536645,63538935,2290
1,63536645,63539291,2646
1,63536649,63538935,2286
1,63539243,63540508,1265
1,64718455,64721870,3415
1,64886449,64889748,3299
1,69287306,69289155,1849
1,69876747,69882036,5289
1,69876747,69882187,5440
1,69881124,69889217,8093
1,72701677,72704976,3299
1,72703035,72704976,1941
1,73339219,73348811,9592
1,73341217,73349070,7853
1,73508283,73512405,4122
1,74704458,74711960,7502
1,74711166,74711960,794
1,74711166,74712057,891
1,77141315,77150391,9076
1,77145053,77145631,578
1,80087860,80089279,1419
1,80918898,80922392,3494
1,80919039,80920051,1012
1,80919082,80921144,2062
1,80963920,80964779,859
1,81105191,81106836,1645
1,82185740,82189137,3397
1,83003811,83010833,7022
1,85016181,85018240,2059
1,85831929,85834258,2329
1,86608316,86613257,4941
1,86608316,86612779,4463
1,86608355,86613229,4874
1,88004852,88014201,9349
1,88010600,88014649,4049
1,88010600,88014257,3657
1,88010600,88014201,3601
1,88480013,88480910,897
1,90219916,90224746,4830
1,90327183,90329549,2366
1,92512218,92513435,1217
1,93267552,93268250,698
1,94819191,94822585,3394
1,98163812,98164521,709
1,103419517,103421670,2153
1,107182778,107188012,5234
1,107309371,107312315,2944
1,154952680,154957916,5236
1,154956963,154957673,710
1,156211784,156220073,8289
1,157236881,157241690,4809
1,160805931,160810319,4388
1,160818098,160820999,2901
1,161307371,161307988,617
1,162463177,162464056,879
1,164369620,164370994,1374
1,164947675,164950053,2378
1,164950053,164952720,2667
1,164950053,164956670,6617
1,164950053,164951739,1686
1,164950053,164957005,6952
1,164950053,164956670,6617
1,164950250,164951739,1489
1,165073924,165075615,1691
1,166801975,166807261,5286
1,170534435,170535857,1422
1,170848478,170848788,310
1,173225197,173234223,9026
1,173226670,173234175,7505
1,173226765,173234239,7474
1,173680976,173681548,572
1,174225832,174227979,2147
1,174286876,174294375,7499
1,174374270,174375607,1337
1,174560128,174562416,2288
1,174560135,174562392,2257
1,176053129,176054322,1193
1,176055282,176063081,7799
1,178287197,178288564,1367
1,178320219,178321209,990
1,179720291,179724228,3937
1,179720681,179724228,3547
1,179982890,179988345,5455
1,180339445,180339674,229
1,180504666,180512717,8051
1,180512717,180513854,1137
1,180607645,180608798,1153
1,180816044,180817087,1043
1,182096361,182104003,7642
1,182355285,182357862,2577
1,182355285,182357819,2534
1,182541258,182542945,1687
1,182543162,182544250,1088
1,182626234,182627189,955
1,183801483,183806782,5299
1,183801483,183811363,9880
1,183801483,183811363,9880
1,183806782,183816571,9789
1,183806782,183816770,9988
1,183808178,183816814,8636
1,183808178,183816657,8479
1,183811363,183816657,5294
1,183811403,183816814,5411
1,183811862,183816657,4795
1,183811862,183816110,4248
1,183811862,183816110,4248
1,183841760,183842111,351
1,184624593,184632986,8393
1,184626681,184632986,6305
1,187588875,187590510,1635
1,187974422,187977492,3070
1,187977553,187979436,1883
1,187977553,187979875,2322
1,187977919,187979160,1241
1,187978177,187979160,983
1,188032197,188034213,2016
1,188063758,188072268,8510
1,188063758,188072268,8510
1,188064629,188073048,8419
1,188064698,188073310,8612
1,188065469,188067476,2007
1,188065469,188073467,7998
1,188066341,188072268,5927
1,188067476,188072268,4792
1,188114686,188118669,3983
1,188181397,188186286,4889
1,188181406,188185871,4465
1,189589495,189593948,4453
1,191579388,191586161,6773
1,191581447,191586270,4823
1,191581848,191586117,4269
1,191581939,191586117,4178
1,191581939,191586117,4178
1,191582423,191586004,3581
1,191582423,191586004,3581
1,191583270,191586117,2847
1,191852681,191860700,8019
1,191860700,191863338,2638
1,191860700,191863440,2740
1,191988047,191991741,3694
1,192026502,192033186,6684
1,192026877,192032935,6058
1,192041641,192047340,5699
1,192041703,192045777,4074
1,192041703,192045777,4074
1,192041828,192044225,2397
1,192041828,192043252,1424
1,192043374,192045777,2403
1,193869757,193873025,3268
1,193870607,193873374,2767
1,194572062,194573002,940
1,194572196,194572871,675
1,194659731,194666703,6972
1,194676230,194684979,8749
1,194677716,194685130,7414
1,194684979,194687345,2366
1,194684979,194687297,2318
1,194685117,194687297,2180
1,194685117,194687297,2180
1,194685157,194687345,2188
1,194685157,194687345,2188
1,194934455,194942775,8320
1,195180919,195187180,6261
1,195181245,195185384,4139
1,195187249,195188388,1139
1,195331696,195338336,6640
1,195337224,195338336,1112
1,195558014,195560594,2580
1,195558014,195560594,2580
1,195682328,195691429,9101
1,196052894,196053428,534
1,196053011,196053428,417
1,196053011,196055624,2613
1,196429321,196430203,882
1,197068907,197071053,2146
1,197266250,197273518,7268
1,198192910,198199054,6144
1,198735087,198739871,4784
1,198735087,198743035,7948
1,198739651,198741663,2012
1,198741663,198743035,1372
1,198741663,198743035,1372
1,199485130,199485611,481
1,199486279,199492138,5859
1,199631935,199636015,4080
1,199631971,199636015,4044
1,199631971,199640867,8896
1,199636015,199640123,4108
1,199741146,199742002,856
1,200002089,200011069,8980
1,200002934,200011055,8121
1,200002934,200011069,8135
1,200002934,200011069,8135
1,200004567,200011329,6762
1,200005349,200011055,5706
1,200005484,200011329,5845
1,200005516,200011329,5813
1,200008702,200011069,2367
1,200011055,200011329,274
1,200160045,200162854,2809
1,200269366,200269973,607
1,200409809,200412107,2298
1,200412304,200412911,607
1,200629105,200630668,1563
1,200629234,200630549,1315
1,200635089,200637462,2373
1,200721519,200725160,3641
1,200861256,200863578,2322
1,200904744,200912858,8114
1,200910196,200911267,1071
1,201625349,201627281,1932
1,201630078,201638355,8277
1,202159620,202160385,765
1,202167531,202169549,2018
1,203718050,203721274,3224
1,206158423,206160430,2007
1,206317492,206323388,5896
1,206323388,206325100,1712
1,207036342,207037322,980
1,207055353,207055922,569
1,207181620,207191051,9431
1,207529183,207531523,2340
1,207600263,207606087,5824
1,207600263,207606087,5824
1,207710549,207713135,2586
1,208098710,208107175,8465
1,208431345,208435571,4226
1,208818199,208821959,3760
1,208818199,208822076,3877
1,208818255,208822076,3821
1,208822076,208827179,5103
1,208825665,208827179,1514
1,209124558,209125780,1222
1,209126563,209127212,649
1,209231191,209234073,2882
1,210465148,210473174,8026
1,210466515,210472610,6095
1,210997594,211007449,9855
1,211005786,211007449,1663
1,211256438,211260378,3940
1,211261161,211264940,3779
1,211261418,211263665,2247
1,211324991,211331330,6339
1,211326114,211331369,5255
1,211520140,211520390,250
1,211520500,211524579,4079
1,211523204,211531610,8406
1,211523204,211531610,8406
1,211531610,211538461,6851
1,211532896,211538176,5280
1,213091048,213097631,6583
1,213093914,213097631,3717
1,213095417,213097597,2180
1,213231164,213231968,804
1,213536560,213538492,1932
1,214720230,214725320,5090
1,214723689,214725290,1601
1,214723689,214725389,1700
1,214723689,214726238,2549
1,214724009,214725832,1823
1,216161751,216164507,2756
1,216161751,216162465,714
1,216164290,216164507,217
1,216685971,216694746,8775
1,216691364,216694626,3262
1,216692421,216694731,2310
1,216692421,216693479,1058
1,216692552,216696253,3701
1,216692661,216694626,1965
1,216693479,216695038,1559
1,216694626,216694953,327
1,216694746,216696172,1426
1,216696253,216697706,1453
1,217113214,217114738,1524
1,217211212,217212143,931
1,217211250,217212143,893
1,217211561,217212105,544
1,217252363,217252472,109
1,217638947,217641468,2521
1,219568867,219572325,3458
1,222399497,222399797,300
1,222400875,222403118,2243
1,222976475,222979802,3327
1,222976475,222979802,3327
1,222976475,222983676,7201
1,223157447,223165736,8289
1,223162505,223164931,2426
1,223313544,223316939,3395
1,223399492,223400005,513
1,223760004,223761744,1740
1,223764324,223773357,9033
1,223767644,223773415,5771
1,223772383,223777170,4787
1,223773415,223776669,3254
1,223826179,223834091,7912
1,223826179,223834059,7880
1,223826179,223833208,7029
1,223826278,223834091,7813
1,224243368,224247039,3671
1,224246580,224256329,9749
1,224247039,224256329,9290
1,224247388,224256329,8941
1,224372774,224378682,5908
1,224372774,224373193,419
1,224372774,224378682,5908
1,224372774,224378682,5908
1,224373193,224378682,5489
1,224918023,224920858,2835
1,225033801,225039347,5546
1,225033801,225040153,6352
1,225034668,225039347,4679
1,225039822,225044299,4477
1,225039822,225044299,4477
1,225123069,225132788,9719
1,225123069,225132766,9697
1,225622827,225628485,5658
1,225878148,225883445,5297
1,226217518,226223226,5708
1,228019866,228022049,2183
1,228019866,228021900,2034
1,228019995,228022049,2054
1,228019995,228021900,1905
1,228052998,228056852,3854
1,228253773,228255039,1266
1,228253773,228255039,1266
1,228665171,228665920,749
1,229603363,229603615,252
1,229901049,229905383,4334
1,230180118,230186447,6329
1,230184723,230187527,2804
1,230184723,230187527,2804
1,230791661,230793364,1703
1,230879672,230882354,2682
1,230879799,230882407,2608
1,230879799,230887514,7715
1,230879799,230882354,2555
1,232514040,232519012,4972
1,232742077,232743258,1181
1,232742326,232743258,932
1,233449416,233457589,8173
1,234259342,234261886,2544
1,234259518,234260766,1248
1,234260766,234261946,1180
1,234771219,234775616,4397
1,234901060,234910934,9874
1,235441582,235449088,7506
1,235974488,235982719,8231
1,235975814,235982719,6905
1,236237377,236240821,3444
1,236572842,236574285,1443
1,236780814,236790003,9189
1,237053353,237055662,2309
1,238464323,238465656,1333
1,238813548,238818340,4792
1,239612480,239618686,6206
1,239612718,239618652,5934
1,240380717,240383373,2656
1,240483950,240486342,2392
1,240765396,240766848,1452
1,243814406,243820213,5807
1,245694040,245697301,3261
1,245694047,245698197,4150
1,245694047,245698197,4150
1,245790604,245791523,919
1,245870594,245873170,2576
1,246349243,246353343,4100
1,246349252,246354510,5258
1,246407604,246408155,551
1,246408155,246414763,6608
1,246408472,246415441,6969
1,246408509,246412957,4448
1,246408546,246410326,1780
1,246408594,246415477,6883
1,246409943,246414763,4820
1,246409971,246415441,5470
1,246409971,246415491,5520
1,246412937,246414808,1871
1,246467917,246472209,4292
1,246472209,246479963,7754
1,246472209,246481613,9404
1,246472209,246479963,7754
1,246472209,246480820,8611
1,246472209,246479491,7282
1,246479491,246485260,5769
1,246479963,246485260,5297
1,249497471,249505290,7819
1,249530930,249537785,6855
1,250888325,250891312,2987
1,250888532,250891200,2668
1,250893932,250895974,2042
1,250906453,250913256,6803
1,251102861,251103315,454
1,251156168,251160227,4059
1,251157145,251163620,6475
1,251157171,251165197,8026
1,251159848,251165197,5349
1,251159848,251165197,5349
1,251163620,251172506,8886
1,251165197,251169821,4624
1,251982982,251987386,4404
1,252374502,252374873,371
1,253149309,253154522,5213
1,253272074,253274569,2495
1,253300607,253302757,2150
1,253303326,253307771,4445
1,253303703,253308147,4444
1,253378345,253383889,5544
1,253381673,253389152,7479
1,253383538,253386844,3306
1,253386715,253389152,2437
1,253386844,253391071,4227
1,253715976,253719199,3223
1,253715976,253720241,4265
1,253793584,253798663,5079
1,253908862,253913157,4295
1,253908862,253913157,4295
1,253948923,253955935,7012
1,255084575,255089284,4709
1,255317651,255325030,7379
1,255323821,255330908,7087
1,256482731,256489057,6326
1,256483900,256491714,7814
1,256483900,256490874,6974
1,257401579,257406767,5188
1,257947423,257951868,4445
1,257972101,257972946,845
1,257972101,257972946,845
1,257972509,257973034,525
1,258435407,258441125,5718
1,258435428,258441125,5697
1,258436574,258437456,882
1,258441125,258447928,6803
1,258442796,258447900,5104
1,258651470,258656283,4813
1,258656364,258657774,1410
1,258657774,258666545,8771
1,258796453,258800198,3745
1,258796503,258803831,7328
1,258803752,258809258,5506
1,258807445,258808701,1256
1,258875033,258878393,3360
1,259017542,259026381,8839
1,259017886,259024490,6604
1,259017930,259023709,5779
1,259174232,259181338,7106
1,259174368,259180657,6289
1,259301329,259308684,7355
1,259301727,259307430,5703
1,259304663,259308684,4021
1,259772740,259778176,5436
1,260142556,260144080,1524
1,260144080,260150197,6117
1,262167768,262176045,8277
1,262501968,262508818,6850
1,262508818,262512909,4091
1,262508818,262512909,4091
1,262510072,262512889,2817
1,264953723,264961893,8170
1,265441656,265451498,9842
1,265441656,265451386,9730
1,266158328,266164748,6420
1,266158328,266164748,6420
1,266158328,266164748,6420
1,266158328,266162889,4561
1,266159200,266164338,5138
1,267879731,267881022,1291
1,268430905,268434885,3980
1,268937514,268946364,8850
1,269298006,269307104,9098
1,269304437,269305005,568
1,269304467,269306938,2471
1,269304500,269307104,2604
1,270669124,270670981,1857
1,270670061,270671245,1184
1,271312708,271313261,553
1,271313261,271314247,986
1,271313304,271314247,943
1,271764060,271769478,5418
1,272272944,272275511,2567
1,272337189,272344699,7510
1,272337189,272338864,1675
1,272341385,272344765,3380
1,272341452,272344699,3247
1,272341452,272349353,7901
1,272344699,272349159,4460
1,272344699,272348255,3556
1,272344765,272347017,2252
1,272833015,272839329,6314
1,272833015,272839625,6610
1,272833398,272838952,5554
1,272839625,272841586,1961
1,273097118,273099684,2566
1,273230603,273233005,2402
1,273233005,273235208,2203
1,273233027,273235208,2181
1,273327030,273336285,9255
1,273327186,273328202,1016
1,273335856,273337437,1581
1,273336453,273336566,113
1,273696775,273704126,7351
1,274415501,274424174,8673
1,274415953,274424317,8364
1,274716256,274718673,2417
1,274731482,274734962,3480
1,274941944,274942247,303
1,274942241,274944107,1866
1,274944654,274946483,1829
1,275029549,275033578,4029
1,275693348,275693670,322
1,275770463,275772495,2032
1,275770492,275772395,1903
1,275772396,275772495,99
1,275984187,275984601,414
1,276204103,276209515,5412
1,276301301,276306202,4901
1,276302564,276306279,3715
1,276302564,276308273,5709
1,276302564,276307612,5048
1,276307612,276309892,2280
1,276323139,276325754,2615
1,276323340,276325130,1790
1,276533757,276534542,785
1,276533792,276537265,3473
1,276681208,276683275,2067
1,276681208,276683281,2073
1,276681382,276681730,348
1,276681382,276683281,1899
1,276681706,276683281,1575
1,276681730,276683126,1396
1,276817418,276821480,4062
1,276982100,276991461,9361
1,276982100,276987499,5399
1,276987449,276991166,3717
1,276987499,276991222,3723
1,276987499,276993053,5554
1,276987499,276989107,1608
1,276987499,276989107,1608
1,276989464,276991798,2334
1,276989464,276993053,3589
1,276991222,276993053,1831
1,277843663,277845026,1363
1,277844686,277846453,1767
1,278041095,278042665,1570
1,278042698,278049015,6317
1,278042698,278049015,6317
1,278042698,278049015,6317
1,278353028,278359046,6018
1,278605471,278606261,790
1,279066828,279068377,1549
1,279118985,279124676,5691
1,279120220,279123489,3269
1,279120269,279124676,4407
1,279127184,279136417,9233
1,279184877,279188361,3484
1,279559211,279565959,6748
1,279560115,279565959,5844
1,279560115,279566076,5961
1,279565898,279567524,1626
1,279566361,279567524,1163
1,279582672,279590559,7887
1,279902996,279912410,9414
1,279902996,279911744,8748
1,279913054,279915910,2856
1,280209824,280219775,9951
1,280219279,280219775,496
1,280341192,280343542,2350
1,280826383,280834344,7961
1,281061965,281071263,9298
1,281061965,281071419,9454
1,281061966,281071242,9276
1,281069286,281071314,2028
1,281069730,281071263,1533
1,281161116,281165244,4128
1,281522288,281525002,2714
1,281635738,281645003,9265
1,281635875,281644478,8603
1,281864855,281865064,209
1,282461440,282462898,1458
1,282471174,282473186,2012
1,282530820,282532776,1956
1,282531539,282540245,8706
1,282901564,282902826,1262
1,283192396,283196392,3996
1,283192463,283196317,3854
1,283196440,283196822,382
1,283249819,283251542,1723
1,283249819,283253401,3582
1,283251517,283253289,1772
1,283582497,283583051,554
1,285068972,285078072,9100
1,285069006,285078190,9184
1,285069006,285070978,1972
1,285069006,285070978,1972
1,285077069,285078072,1003
1,285077069,285078072,1003
1,285135927,285139779,3852
1,285309832,285310990,1158
1,285310392,285310975,583
1,285520913,285525459,4546
1,285523291,285526825,3534
1,285523312,285526825,3513
1,285523338,285530598,7260
1,285523338,285530598,7260
1,285523338,285528935,5597
1,285525324,285531302,5978
1,285526841,285530598,3757
1,285528984,285534478,5494
1,285531417,285534478,3061
1,285970810,285978403,7593
1,285971818,285981367,9549
1,285974301,285978473,4172
1,285978590,285982051,3461
1,285978590,285981367,2777
1,285978590,285981367,2777
1,285979058,285982051,2993
1,285981427,285982077,650
1,286399533,286404666,5133
1,286399544,286405824,6280
1,286403532,286404664,1132
1,286404666,286406462,1796
1,286508160,286510408,2248
1,286510499,286515108,4609
1,286849905,286851774,1869
1,286851671,286858964,7293
1,286851774,286853445,1671
1,286853445,286854329,884
1,286853971,286858964,4993
1,286988253,286993912,5659
1,286989955,286990868,913
1,286991001,286993426,2425
1,286992408,286993912,1504
1,286993578,286993942,364
1,287583665,287584730,1065
1,287583665,287593175,9510
1,287584254,287594219,9965
1,287584254,287593175,8921
1,287584254,287594239,9985
1,287584730,287594303,9573
1,287584730,287594303,9573
1,287584730,287594294,9564
1,287584730,287593175,8445
1,287715219,287720022,4803
1,287716035,287720087,4052
1,287720084,287722726,2642
1,287720104,287722726,2622
1,287981955,287983572,1617
1,287983572,287985436,1864
1,287983572,287986886,3314
1,287984350,287985285,935
1,287985285,287985504,219
1,288012578,288013370,792
1,288391990,288395860,3870
1,288391990,288396725,4735
1,288395860,288397357,1497
1,288395860,288397505,1645
1,288396708,288397808,1100
1,288732949,288740041,7092
1,288732949,288739898,6949
1,288759803,288761237,1434
1,288859905,288860528,623
1,289267981,289275006,7025
1,289268042,289271311,3269
1,289564557,289566159,1602
1,289564596,289566159,1563
1,289784829,289786339,1510
1,289785153,289786655,1502
1,289844947,289847067,2120
1,289847246,289853217,5971
1,290107969,290109325,1356
1,290109209,290112515,3306
1,290112515,290122292,9777
1,290120760,290122082,1322
1,290120840,290122169,1329
1,290121117,290122292,1175
1,290138396,290146519,8123
1,290138418,290146519,8101
1,290296208,290306123,9915
1,290296240,290306123,9883
1,290304900,290306123,1223
1,290306148,290309468,3320
1,290306148,290309468,3320
1,290309461,290318460,8999
1,290521945,290522561,616
1,290590838,290600187,9349
1,290590855,290600187,9332
1,290953977,290955992,2015
1,290954305,290955671,1366
1,290955677,290958230,2553
1,290955679,290957569,1890
1,291862058,291862975,917
1,291862058,291863132,1074
1,291862058,291862975,917
1,291922924,291924890,1966
1,292078092,292086317,8225
1,292086347,292087586,1239
1,292087650,292096571,8921
1,292573576,292575860,2284
1,292891559,292893532,1973
1,293138664,293139470,806
1,293141951,293151709,9758
1,293151709,293157815,6106
1,293151709,293157854,6145
1,293151709,293157854,6145
1,293151709,293157854,6145
1,293153059,293157815,4756
1,293153069,293157854,4785
1,293157815,293164159,6344
1,293157854,293164249,6395
1,293162700,293164563,1863
1,293456116,293458890,2774
1,293623690,293631760,8070
1,293627722,293629438,1716
1,293627767,293631760,3993
1,293627784,293630656,2872
1,293629208,293637946,8738
1,293629438,293638824,9386
1,293629721,293637946,8225
1,293629824,293634477,4653
1,293629824,293634477,4653
1,293630656,293634477,3821
1,293630656,293637862,7206
1,293630656,293637946,7290
1,293630657,293634477,3820
1,293631147,293634477,3330
1,293631202,293638824,7622
1,293631202,293638824,7622
1,293631760,293638824,7064
1,293634477,293638824,4347
1,293793732,293797345,3613
1,293795755,293797345,1590
1,293938699,293947341,8642
1,293944806,293954732,9926
1,293944923,293947435,2512
1,293947435,293954732,7297
1,295188685,295191113,2428
1,295190729,295191090,361
1,295190729,295191072,343
1,295191072,295198006,6934
1,295191113,295195469,4356
1,295347415,295349423,2008
1,295347415,295353120,5705
1,295347415,295353120,5705
1,295349373,295351029,1656
1,295349423,295351186,1763
1,295349463,295351022,1559
1,295436542,295437396,854
1,295437019,295444727,7708
1,295437019,295439166,2147
1,295437019,295439166,2147
1,295437019,295439166,2147
1,295437019,295444727,7708
1,295439166,295444925,5759
1,295442298,295444323,2025
1,295443479,295444672,1193
1,295444672,295450734,6062
1,295628266,295631255,2989
1,295628804,295631255,2451
1,295629438,295630821,1383
1,295761601,295764882,3281
1,295762684,295769285,6601
1,295762684,295771204,8520
1,295764935,295769100,4165
1,295764935,295769379,4444
1,295767625,295769100,1475
1,295881296,295887080,5784
1,295881488,295891024,9536
1,295881893,295890956,9063
1,295884540,295891024,6484
1,295884540,295891024,6484
1,295884813,295890956,6143
1,295884813,295890956,6143
1,296203927,296206267,2340
1,296260069,296264644,4575
1,296651423,296660959,9536
1,296660238,296667776,7538
1,296662411,296667776,5365
1,296768102,296771036,2934
1,296768102,296768865,763
1,296769016,296770795,1779
1,296845376,296846453,1077
1,296846453,296848647,2194
1,296846453,296848281,1828
1,296959888,296961868,1980
1,296959888,296961868,1980
1,296959888,296961619,1731
1,296959888,296961619,1731
1,296960038,296961949,1911
1,297750397,297752559,2162
1,297963919,297965182,1263
1,297963997,297965156,1159
1,297975021,297977991,2970
1,297975060,297977831,2771
1,298136812,298141840,5028
1,298137420,298141852,4432
1,298272003,298273269,1266
1,298272016,298276617,4601
1,298311479,298312762,1283
1,298312411,298316752,4341
1,298688652,298689673,1021
1,298963206,298965293,2087
1,298964421,298965073,652
1,298964421,298969731,5310
1,298964421,298964903,482
1,298969531,298973762,4231
1,298974400,298981650,7250
1,298981728,298985010,3282
1,298981839,298983408,1569
1,298981839,298985014,3175
1,298983408,298984633,1225
1,298983618,298985010,1392
1,299198305,299202306,4001
1,299407093,299416499,9406
1,299467143,299473432,6289
1,299467143,299473432,6289
1,299467143,299473432,6289
1,299468209,299473432,5223
1,299468209,299473432,5223
1,299468209,299473432,5223
1,299468209,299473432,5223
1,299468209,299473432,5223
1,299468209,299473432,5223
1,299468209,299473432,5223
1,299468209,299473432,5223
1,299468209,299473432,5223
1,299468766,299473432,4666
1,299468766,299473432,4666
1,299468766,299473432,4666
1,299468766,299473432,4666
1,299470567,299473432,2865
1,299470567,299473432,2865
1,299470567,299473432,2865
1,299470567,299473432,2865
1,299974177,299977748,3571
1,299977118,299983654,6536
2,1270245,1274511,4266
2,1276098,1279616,3518
2,1279616,1281550,1934
2,1359093,1360211,1118
2,1433711,1435571,1860
2,1433711,1435709,1998
2,1435422,1438040,2618
2,1435445,1437975,2530
2,1435571,1437975,2404
2,1435709,1437975,2266
2,1454725,1462824,8099
2,1461966,1462824,858
2,1536132,1543059,6927
2,1536132,1543157,7025
2,1543059,1543504,445
2,1543157,1543504,347
2,1543169,1550288,7119
2,1543504,1546606,3102
2,1546697,1553601,6904
2,1546697,1556626,9929
2,1546697,1553601,6904
2,1548392,1553601,5209
2,1556747,1563536,6789
2,1624529,1632416,7887
2,1624529,1632806,8277
2,1624529,1633562,9033
2,1624529,1633757,9228
2,1624529,1633505,8976
2,1624529,1632788,8259
2,1624529,1633951,9422
2,1624529,1633300,8771
2,1629892,1632740,2848
2,1629937,1633793,3856
2,1632788,1633509,721
2,1632788,1633505,717
2,1632806,1633505,699
2,1633505,1633951,446
2,1633766,1633967,201
2,1633766,1633937,171
2,1633898,1641036,7138
2,1633967,1641036,7069
2,1633967,1641036,7069
2,1649358,1653416,4058
2,1649358,1653416,4058
2,1653462,1654484,1022
2,1653490,1654484,994
2,1955962,1958891,2929
2,1956173,1958891,2718
2,2033085,2041258,8173
2,2033141,2041258,8117
2,2051865,2061368,9503
2,2055688,2061256,5568
2,2056162,2061256,5094
2,2073247,2082575,9328
2,2080290,2088378,8088
2,2081805,2088378,6573
2,2082043,2088378,6335
2,2095948,2103563,7615
2,2095948,2103563,7615
2,2103563,2110400,6837
2,2120557,2127969,7412
2,2120557,2127969,7412
2,2124413,2127969,3556
2,2124413,2127969,3556
2,2124464,2127969,3505
2,2222211,2222544,333
2,2222211,2223413,1202
2,2222465,2224748,2283
2,2224808,2227608,2800
2,2224883,2227608,2725
2,2225630,2228309,2679
2,2260316,2266552,6236
2,2260316,2260483,167
2,2478343,2485965,7622
2,2478343,2488181,9838
2,2478343,2488118,9775
2,2478437,2479466,1029
2,2478437,2484306,5869
2,2478437,2479466,1029
2,2479167,2484306,5139
2,2479261,2484294,5033
2,2479261,2484306,5045
2,2479261,2483133,3872
2,2479466,2488181,8715
2,2479466,2484602,5136
2,2479466,2484151,4685
2,2479466,2484151,4685
2,2479466,2484151,4685
2,2479466,2484151,4685
2,2483133,2488181,5048
2,2484294,2488118,3824
2,2484306,2491915,7609
2,2484602,2491915,7313
2,2484602,2491915,7313
2,2485994,2491915,5921
2,2486685,2488118,1433
2,2486924,2488181,1257
2,2492423,2496677,4254
2,2546840,2548422,1582
2,2547346,2551896,4550
2,2547346,2551896,4550
2,2626268,2632710,6442
2,2626268,2632710,6442
2,2626447,2632719,6272
2,2626447,2629871,3424
2,2626447,2629860,3413
2,2626447,2629860,3413
2,2626447,2629860,3413
2,2626447,2633866,7419
2,2626447,2634004,7557
2,2626447,2631861,5414
2,2626447,2631861,5414
2,2627735,2630582,2847
2,2627735,2632387,4652
2,2627735,2632587,4852
2,2628135,2629871,1736
2,2628135,2634312,6177
2,2632710,2634318,1608
2,2675264,2678083,2819
2,2676137,2681559,5422
2,3073002,3079633,6631
2,3089277,3097829,8552
2,3089277,3098755,9478
2,3089892,3098755,8863
2,3090235,3099055,8820
2,3090235,3098619,8384
2,3090235,3098754,8519
2,3090235,3097829,7594
2,3095784,3097829,2045
2,3095784,3105566,9782
2,3098527,3105975,7448
2,3106704,3107924,1220
2,3107924,3114419,6495
2,3225511,3227471,1960
2,3225766,3227430,1664
2,3227500,3230572,3072
2,3227500,3230572,3072
2,3379386,3380901,1515
2,3380901,3382504,1603
2,3380901,3387857,6956
2,3380901,3382504,1603
2,3380901,3382504,1603
2,3381326,3387857,6531
2,3382540,3388767,6227
2,3382583,3389145,6562
2,3382583,3389145,6562
2,3394714,3396766,2052
2,3410333,3410868,535
2,3410868,3417138,6270
2,3410868,3417221,6353
2,3410990,3417138,6148
2,3412694,3417102,4408
2,3414881,3417138,2257
2,3559370,3565604,6234
2,3561516,3565604,4088
2,3564574,3574156,9582
2,3585930,3595171,9241
2,3585941,3588860,2919
2,3585941,3595171,9230
2,3586047,3595171,9124
2,3589719,3595171,5452
2,3595171,3600252,5081
2,3597993,3606566,8573
2,3598326,3600252,1926
2,3747966,3749141,1175
2,3748032,3748833,801
2,3748691,3749036,345
2,3801779,3806393,4614
2,3861334,3864482,3148
2,4046390,4051883,5493
2,4046476,4051922,5446
2,4051274,4052003,729
2,4162794,4168724,5930
2,4162794,4165801,3007
2,4162842,4168762,5920
2,4178392,4187289,8897
2,4178392,4186856,8464
2,4178553,4187410,8857
2,4178929,4186840,7911
2,4186856,4190118,3262
2,4187289,4193007,5718
2,4187289,4190118,2829
2,4187289,4193425,6136
2,4262363,4266955,4592
2,4262363,4262905,542
2,4294294,4295194,900
2,4302717,4306279,3562
2,4302735,4306279,3544
2,4306279,4310867,4588
2,4307520,4310867,3347
2,4310867,4320006,9139
2,4343023,4349159,6136
2,4343023,4344157,1134
2,4343023,4344157,1134
2,4343031,4348858,5827
2,4344157,4349159,5002
2,4344157,4349137,4980
2,4344157,4344314,157
2,4344263,4349159,4896
2,4344314,4349138,4824
2,4344314,4349137,4823
2,4344314,4349137,4823
2,4344314,4347197,2883
2,4346071,4349137,3066
2,4346071,4348858,2787
2,4347218,4349138,1920
2,4513142,4514077,935
2,4513511,4514077,566
2,4664762,4673148,8386
2,4664814,4673929,9115
2,4665143,4673929,8786
2,4671501,4675752,4251
2,4673929,4676013,2084
2,4673929,4675913,1984
2,4674071,4676366,2295
2,4833377,4834543,1166
2,4834246,4839313,5067
2,4847903,4850403,2500
2,4847903,4850403,2500
2,4847903,4850403,2500
2,4847903,4850403,2500
2,4882314,4887595,5281
2,4887595,4889987,2392
2,4889733,4898520,8787
2,4890102,4890696,594
2,5066542,5068786,2244
2,5068786,5070638,1852
2,5068786,5073748,4962
2,5068983,5075005,6022
2,5070638,5075054,4416
2,5070706,5079180,8474
2,5075535,5082902,7367
2,5228814,5233135,4321
2,5300177,5300589,412
2,5506488,5513865,7377
2,5557713,5566567,8854
2,5557824,5565686,7862
2,5557824,5566094,8270
2,5557844,5558160,316
2,5564020,5565686,1666
2,5565686,5575410,9724
2,5565727,5567836,2109
2,5682684,5685696,3012
2,5682714,5685690,2976
2,5682714,5692172,9458
2,5682714,5692075,9361
2,5720591,5721518,927
2,5832765,5836079,3314
2,5832765,5836079,3314
2,5921646,5922348,702
2,5922364,5925900,3536
2,5995877,5998564,2687
2,5997113,6004771,7658
2,6010027,6015119,5092
2,6015119,6020861,5742
2,6031628,6031998,370
2,6177433,6180959,3526
2,6177664,6180948,3284
2,6177664,6180948,3284
2,6177664,6180959,3295
2,6179829,6180948,1119
2,6179829,6180959,1130
2,6180948,6189982,9034
2,6190860,6200440,9580
2,6190861,6192857,1996
2,6333702,6338713,5011
2,6333702,6337700,3998
2,6347822,6355560,7738
2,6355560,6361783,6223
2,6355560,6360686,5126
2,6452854,6458811,5957
2,6452855,6458649,5794
2,6566852,6572213,5361
2,6714973,6721246,6273
2,6714973,6720720,5747
2,6714973,6721246,6273
2,6714973,6721246,6273
2,6715904,6722802,6898
2,6715904,6721246,5342
2,6715904,6721246,5342
2,6715904,6721246,5342
2,6715904,6721246,5342
2,6715904,6721246,5342
2,6716743,6721246,4503
2,6716743,6721246,4503
2,6716743,6721866,5123
2,6716832,6721246,4414
2,6720720,6722802,2082
2,6720720,6721246,526
2,6720720,6721246,526
2,6721348,6722802,1454
2,6979796,6983795,3999
2,7177254,7178315,1061
2,7177254,7177731,477
2,7177731,7178321,590
2,7178970,7180618,1648
2,7180618,7186205,5587
2,7209888,7217685,7797
2,7209893,7218590,8697
2,7217666,7220412,2746
2,7217666,7220403,2737
2,7217666,7220403,2737
2,7217666,7219372,1706
2,7217799,7220412,2613
2,7217799,7220412,2613
2,7289634,7292319,2685
2,7289634,7293597,3963
2,7289634,7293597,3963
2,7289634,7291561,1927
2,7289650,7293136,3486
2,7291561,7292319,758
2,7308122,7309539,1417
2,7664079,7665496,1417
2,7664265,7665496,1231
2,7664553,7665496,943
2,7744522,7745194,672
2,7950139,7959858,9719
2,7950158,7953284,3126
2,7950251,7959907,9656
2,7951052,7952388,1336
2,7951145,7953159,2014
2,7953284,7960069,6785
2,8279903,8289103,9200
2,8804608,8808660,4052
2,8804853,8809087,4234
2,8805421,8808767,3346
2,8805421,8808767,3346
2,8805487,8808822,3335
2,8805582,8809708,4126
2,8808714,8809708,994
2,8808822,8809757,935
2,8809124,8809708,584
2,8897641,8904967,7326
2,8904967,8908109,3142
2,8904967,8908109,3142
2,8904967,8908109,3142
2,8912557,8916309,3752
2,8915262,8923346,8084
2,8915262,8919443,4181
2,8919218,8923346,4128
2,8920050,8923283,3233
2,8951596,8958997,7401
2,8996658,9006182,9524
2,9003582,9009204,5622
2,9003721,9009151,5430
2,9006121,9013451,7330
2,9100819,9110355,9536
2,9131012,9133448,2436
2,9262674,9267229,4555
2,9262674,9267201,4527
2,9262674,9267201,4527
2,9268674,9277644,8970
2,9270152,9277654,7502
2,9270671,9277644,6973
2,9315475,9316705,1230
2,9316762,9317446,684
2,9365067,9370795,5728
2,9433046,9441013,7967
2,9433072,9442971,9899
2,9436522,9442278,5756
2,9436522,9442278,5756
2,9436522,9441013,4491
2,9436522,9442291,5769
2,9436525,9445001,8476
2,9436570,9441013,4443
2,9441004,9442971,1967
2,9441463,9442977,1514
2,9443067,9445186,2119
2,9941674,9944903,3229
2,9980014,9982153,2139
2,9982153,9983705,1552
2,9982195,9982819,624
2,9983288,9985763,2475
2,9998893,10000145,1252
2,10210823,10214336,3513
2,10471999,10477018,5019
2,10474509,10484503,9994
2,10489061,10498113,9052
2,10490494,10496172,5678
2,10495334,10502456,7122
2,10495334,10496221,887
2,10495407,10502466,7059
2,10495415,10502466,7051
2,10496172,10499406,3234
2,10496172,10502456,6284
2,10496221,10502432,6211
2,10496221,10498113,1892
2,10496221,10498113,1892
2,10496221,10499406,3185
2,10496221,10502466,6245
2,10496221,10499406,3185
2,10496641,10498113,1472
2,10498113,10502432,4319
2,10498113,10502432,4319
2,10499406,10502466,3060
2,10510823,10512006,1183
2,10532634,10540205,7571
2,10535121,10540341,5220
2,10560906,10568476,7570
2,10560906,10568496,7590
2,10561215,10568395,7180
2,10561215,10568395,7180
2,10561215,10568395,7180
2,10561215,10568496,7281
2,10624855,10627297,2442
2,10624943,10627297,2354
2,10624943,10627267,2324
2,10624943,10628204,3261
2,10624943,10627267,2324
2,10624943,10627297,2354
2,10624968,10627297,2329
2,10625054,10627267,2213
2,10625075,10627297,2222
2,10625108,10627297,2189
2,10654858,10660851,5993
2,10656037,10657216,1179
2,10657216,10663438,6222
2,10782569,10785590,3021
2,10783131,10786504,3373
2,10785590,10789588,3998
2,10785590,10788070,2480
2,10786504,10787852,1348
2,11196792,11205474,8682
2,11201965,11206970,5005
2,11201965,11206999,5034
2,11201965,11206999,5034
2,11361887,11369980,8093
2,11374826,11376574,1748
2,11557596,11559589,1993
2,11558970,11559558,588
2,11562144,11564805,2661
2,11582660,11588986,6326
2,11618645,11628323,9678
2,11679948,11682057,2109
2,11756908,11762032,5124
2,11825643,11828500,2857
2,11947082,11947709,627
2,11947082,11951254,4172
2,11947082,11947761,679
2,11947926,11949597,1671
2,12100464,12103699,3235
2,12100464,12104493,4029
2,12103699,12105641,1942
2,12241275,12242617,1342
2,12241319,12242262,943
2,12242701,12244932,2231
2,12243893,12252551,8658
2,12244932,12252271,7339
2,12244985,12252551,7566
2,12252528,12254295,1767
2,12252551,12261640,9089
2,12252551,12257911,5360
2,12252551,12257292,4741
2,12252551,12255052,2501
2,12252551,12254202,1651
2,12261573,12267709,6136
2,12351026,12352432,1406
2,12679597,12687422,7825
2,12679597,12687422,7825
2,12682646,12686018,3372
2,12797864,12802632,4768
2,12798388,12800025,1637
2,12800153,12802632,2479
2,12804027,12807137,3110
2,13280906,13287666,6760
2,13283222,13287666,4444
2,13287720,13296853,9133
2,13288169,13292118,3949
2,13292080,13298912,6832
2,13292100,13299817,7717
2,13298912,13299879,967
2,13298912,13299880,968
2,13298912,13302446,3534
2,13299956,13306122,6166
2,13299956,13302449,2493
2,13302449,13306019,3570
2,13308888,13313827,4939
2,13542338,13547147,4809
2,13542842,13547147,4305
2,13542862,13547147,4285
2,13542862,13547147,4285
2,13615750,13616764,1014
2,13616122,13620260,4138
2,13647847,13652163,4316
2,13650987,13657956,6969
2,13650987,13652247,1260
2,13652247,13656223,3976
2,13778206,13784766,6560
2,13863001,13865322,2321
2,13863001,13864396,1395
2,13863001,13865322,2321
2,14222201,14229790,7589
2,14222581,14228658,6077
2,14222583,14228658,6075
2,14222583,14224246,1663
2,14225373,14228641,3268
2,14226869,14229936,3067
2,14267092,14267757,665
2,14328079,14334723,6644
2,14397350,14399777,2427
2,14400295,14402019,1724
2,14462567,14467313,4746
2,14462801,14467190,4389
2,14462801,14463426,625
2,14463154,14464929,1775
2,14463154,14464929,1775
2,14463473,14467252,3779
2,14463598,14464929,1331
2,14715166,14715409,243
2,14716587,14719205,2618
2,14718928,14719143,215
2,14798885,14804644,5759
2,14799200,14804598,5398
2,14804955,14805756,801
2,15004611,15013191,8580
2,15973637,15979998,6361
2,15979898,15989022,9124
2,15979898,15984683,4785
2,15993082,15998348,5266
2,15993082,15994797,1715
2,15993082,15997107,4025
2,15993562,15994848,1286
2,15994986,15996433,1447
2,15996426,15998930,2504
2,15997107,15998348,1241
2,15997107,15998348,1241
2,15997152,15997809,657
2,15997152,15998930,1778
2,15997989,15998930,941
2,16123899,16124766,867
2,16343148,16348731,5583
2,16343148,16345513,2365
2,16343148,16348731,5583
2,16343354,16348731,5377
2,16540418,16546604,6186
2,16638126,16644834,6708
2,16638858,16644834,5976
2,16638876,16644081,5205
2,16644081,16644834,753
2,16644132,16644777,645
2,16644197,16644777,580
2,16648259,16650063,1804
2,16650063,16658282,8219
2,16650063,16658282,8219
2,16870958,16879457,8499
2,16873627,16879457,5830
2,16879328,16879457,129
2,16927855,16929205,1350
2,16929198,16936333,7135
2,16933489,16934569,1080
2,16933489,16939199,5710
2,16933489,16936333,2844
2,17090275,17091009,734
2,17090560,17096109,5549
2,17090560,17091009,449
2,17091009,17100506,9497
2,17091009,17092628,1619
2,17092628,17100799,8171
2,17095446,17100732,5286
2,17221709,17230571,8862
2,17572492,17581291,8799
2,17653109,17658879,5770
2,17685036,17689281,4245
2,17685036,17689222,4186
2,17689685,17690067,382
2,17862347,17864717,2370
2,17862353,17864855,2502
2,17862883,17869328,6445
2,17863650,17864855,1205
2,18001357,18002742,1385
2,18072913,18073747,834
2,18250020,18250723,703
2,18616154,18625700,9546
2,18616154,18625700,9546
2,18616263,18621002,4739
2,18621002,18626409,5407
2,19143750,19145791,2041
2,19145297,19147876,2579
2,20005711,20006962,1251
2,20096273,20101578,5305
2,20096273,20101428,5155
2,20096273,20101106,4833
2,20097498,20101293,3795
2,20097498,20101566,4068
2,20097706,20103794,6088
2,20100226,20101566,1340
2,20101760,20109780,8020
2,20101760,20110722,8962
2,20101760,20109780,8020
2,20101760,20110722,8962
2,20101760,20109671,7911
2,20101760,20109780,8020
2,20109844,20110722,878
2,20122898,20123592,694
2,20392309,20393887,1578
2,20399762,20401409,1647
2,20401705,20407564,5859
2,20715183,20719009,3826
2,20715183,20724419,9236
2,20715412,20723809,8397
2,20715412,20724447,9035
2,20716039,20723494,7455
2,20722623,20724447,1824
2,20959145,20959564,419
2,21595605,21601469,5864
2,21790725,21792404,1679
2,21792404,21802146,9742
2,21793021,21801786,8765
2,22193395,22194248,853
2,22942806,22947266,4460
2,22943152,22947385,4233
2,22943256,22947385,4129
2,22943256,22947761,4505
2,22952891,22962031,9140
2,22962012,22971774,9762
2,22967117,22971556,4439
2,22967120,22971686,4566
2,22967120,22971686,4566
2,22967971,22972621,4650
2,22967985,22972621,4636
2,22971560,22972621,1061
2,22971686,22974698,3012
2,22998802,23000372,1570
2,23470405,23478261,7856
2,23548366,23556305,7939
2,23548366,23557087,8721
2,23548366,23557250,8884
2,23711416,23716495,5079
2,23713117,23719708,6591
2,23713714,23719708,5994
2,23716639,23720369,3730
2,23730712,23737294,6582
2,23877731,23886865,9134
2,26717822,26719153,1331
2,26717896,26723492,5596
2,26723492,26731051,7559
2,26723492,26729928,6436
2,26882021,26884394,2373
2,27499108,27501526,2418
2,27546469,27549657,3188
2,27557096,27560631,3535
2,27557166,27567138,9972
2,27581333,27587767,6434
2,27581347,27585842,4495
2,27581494,27585842,4348
2,27588078,27592167,4089
2,27832557,27832961,404
2,28000901,28006255,5354
2,28000901,28006242,5341
2,28002806,28006255,3449
2,28046443,28051951,5508
2,28046723,28051329,4606
2,28310321,28316016,5695
2,28650332,28650386,54
2,28671157,28672359,1202
2,29054561,29055883,1322
2,29054561,29055683,1122
2,29054621,29055683,1062
2,29054682,29055611,929
2,29054981,29055611,630
2,29263426,29268395,4969
2,29521849,29526753,4904
2,29665467,29667500,2033
2,29667500,29670748,3248
2,30997606,30999116,1510
2,31920989,31924483,3494
2,31921279,31924520,3241
2,32509813,32518468,8655
2,32518549,32523500,4951
2,33005574,33006653,1079
2,33034337,33035998,1661
2,33500007,33506443,6436
2,33504402,33505643,1241
2,33504402,33505643,1241
2,33505643,33506543,900
2,34540352,34541617,1265
2,36449383,36451556,2173
2,36450893,36452990,2097
2,36822729,36831445,8716
2,36822729,36831363,8634
2,36824041,36826233,2192
2,36826214,36831424,5210
2,36826233,36831363,5130
2,36838965,36844097,5132
2,36838988,36844766,5778
2,36926211,36934868,8657
2,37191319,37192342,1023
2,38322759,38324920,2161
2,38322759,38325003,2244
2,38757017,38757348,331
2,38757348,38762055,4707
2,38757449,38764593,7144
2,38977692,38985618,7926
2,38986084,38986376,292
2,40003238,40011339,8101
2,40140718,40145988,5270
2,40140838,40145973,5135
2,40140941,40148341,7400
2,40140941,40148341,7400
2,40141257,40148341,7084
2,41224287,41225486,1199
2,41299269,41303428,4159
2,41479838,41483837,3999
2,41479838,41485441,5603
2,41481055,41484889,3834
2,41481055,41485425,4370
2,41761757,41771193,9436
2,41771160,41778115,6955
2,41773082,41779039,5957
2,41773082,41777920,4838
2,41895165,41899568,4403
2,42105350,42110162,4812
2,43200993,43203436,2443
2,43370810,43379174,8364
2,44333395,44335525,2130
2,44335797,44337795,1998
2,44373602,44380107,6505
2,44373959,44374478,519
2,44374550,44379478,4928
2,44380174,44387411,7237
2,46156287,46160243,3956
2,47553035,47559198,6163
2,47604252,47606849,2597
2,48421503,48427757,6254
2,48421503,48427757,6254
2,48421564,48429738,8174
2,49015628,49015986,358
2,49116346,49117278,932
2,49116436,49117278,842
2,49918175,49923181,5006
2,50642893,50644385,1492
2,50643178,50644445,1267
2,50643633,50644503,870
2,50811249,50815160,3911
2,51231432,51234892,3460
2,51234646,51240713,6067
2,51235088,51239486,4398
2,51329630,51331684,2054
2,51809379,51815944,6565
2,51809379,51814704,5325
2,51809379,51815944,6565
2,51809404,51815849,6445
2,54755173,54765012,9839
2,54756456,54757279,823
2,54959315,54962595,3280
2,54962486,54967911,5425
2,54962529,54967911,5382
2,54962529,54967911,5382
2,55446436,55449473,3037
2,55558379,55560456,2077
2,55680265,55680766,501
2,55680631,55688293,7662
2,57065763,57068626,2863
2,58765092,58766220,1128
2,59011075,59013917,2842
2,60070428,60071065,637
2,60074569,60079065,4496
2,60871752,60879882,8130
2,60871752,60879979,8227
2,60871752,60873166,1414
2,64390179,64395319,5140
2,64390179,64395241,5062
2,64390364,64394742,4378
2,64390364,64395192,4828
2,84678243,84687444,9201
2,109000380,109001827,1447
2,109104357,109106870,2513
2,109576038,109577790,1752
2,110823844,110826455,2611
2,127824117,127825603,1486
2,128182483,128183281,798
2,128182483,128183281,798
2,128190160,128197672,7512
2,130739901,130741380,1479
2,144071069,144074898,3829
2,144073844,144075149,1305
2,146050867,146053372,2505
2,146407560,146408558,998
2,148656666,148660794,4128
2,148876619,148878565,1946
2,148876619,148879030,2411
2,148876619,148879636,3017
2,148876619,148879645,3026
2,148877867,148879075,1208
2,150797173,150802889,5716
2,153090512,153096675,6163
2,157236321,157237178,857
2,158407510,158410023,2513
2,163678380,163680514,2134
2,163678863,163680514,1651
2,165618357,165624923,6566
2,169308957,169311234,2277
2,173640932,173641599,667
2,177115460,177115782,322
2,178877026,178881316,4290
2,180155699,180163308,7609
2,180156007,180163280,7273
2,180156007,180163308,7301
2,180156007,180163308,7301
2,180156365,180163308,6943
2,180156591,180166156,9565
2,180156758,180159913,3155
2,180157584,180166077,8493
2,180157584,180166077,8493
2,180157881,180167572,9691
2,180157881,180166060,8179
2,180157881,180166077,8196
2,180163308,180166245,2937
2,180166398,180169345,2947
2,180168255,180169277,1022
2,180661233,180664366,3133
2,180661341,180664314,2973
2,180661341,180664042,2701
2,180662274,180664086,1812
2,181418795,181424136,5341
2,181537608,181538965,1357
2,181537608,181538965,1357
2,181680303,181681439,1136
2,182610311,182620244,9933
2,182610311,182620275,9964
2,183560621,183566131,5510
2,183561512,183566131,4619
2,183853227,183854646,1419
2,183919087,183927437,8350
2,183927437,183934135,6698
2,184000766,184001372,606
2,184258253,184267157,8904
2,184258411,184267083,8672
2,184754811,184763179,8368
2,184992711,184995205,2494
2,185010755,185013326,2571
2,185013326,185019543,6217
2,185013369,185021620,8251
2,185013369,185019543,6174
2,185013369,185021748,8379
2,185013672,185019070,5398
2,185013672,185019543,5871
2,185016433,185019070,2637
2,185019070,185019434,364
2,185019595,185024732,5137
2,185019751,185021320,1569
2,185020166,185024760,4594
2,185378123,185378318,195
2,185399318,185399828,510
2,185691238,185694215,2977
2,185769775,185777812,8037
2,185769830,185772681,2851
2,185770690,185778156,7466
2,185772753,185777709,4956
2,185777836,185786235,8399
2,185777943,185784421,6478
2,185778016,185784421,6405
2,185778016,185786220,8204
2,185778223,185786220,7997
2,186159727,186165095,5368
2,186179401,186186380,6979
2,186199543,186201975,2432
2,187441747,187443598,1851
2,187441887,187443544,1657
2,187441887,187450649,8762
2,187441887,187448714,6827
2,187441889,187443294,1405
2,187623398,187626793,3395
2,187816932,187818651,1719
2,187817710,187818657,947
2,187878780,187885924,7144
2,188053402,188056697,3295
2,188053441,188056004,2563
2,188057674,188063260,5586
2,188057674,188063185,5511
2,188059486,188063130,3644
2,188060809,188063629,2820
2,188366552,188369102,2550
2,188369102,188371641,2539
2,188397553,188405867,8314
2,188397598,188405919,8321
2,188404532,188414006,9474
2,188404556,188412331,7775
2,188405867,188413291,7424
2,188405882,188413291,7409
2,188411738,188413619,1881
2,188411738,188413635,1897
2,188412771,188416843,4072
2,188413349,188416483,3134
2,188471725,188473606,1881
2,188785135,188792944,7809
2,189208737,189218653,9916
2,189209035,189219020,9985
2,189218653,189219020,367
2,189309407,189313083,3676
2,189491781,189499727,7946
2,189571816,189574017,2201
2,189571952,189580483,8531
2,189571952,189580483,8531
2,189574175,189580456,6281
2,189831370,189840014,8644
2,191772305,191781670,9365
2,192417643,192426786,9143
2,192417643,192426786,9143
2,192418816,192426617,7801
2,192426617,192432444,5827
2,192432444,192439131,6687
2,192432869,192438466,5597
2,192432869,192438466,5597
2,192432869,192438466,5597
2,192432869,192438466,5597
2,193620737,193622309,1572
2,193815515,193817293,1778
2,193815565,193817262,1697
2,193832716,193834199,1483
2,193841901,193844715,2814
2,193843079,193843818,739
2,193843130,193851367,8237
2,193844795,193851315,6520
2,194114964,194119679,4715
2,194164843,194166016,1173
2,194485371,194487462,2091
2,194486356,194490677,4321
2,194490745,194499306,8561
2,194490833,194499491,8658
2,195036343,195040806,4463
2,195036343,195038235,1892
2,195037490,195044474,6984
2,195037491,195040790,3299
2,195037522,195040806,3284
2,195037522,195040806,3284
2,195037522,195040806,3284
2,195040806,195047472,6666
2,195040806,195047472,6666
2,195044594,195046875,2281
2,195044975,195047472,2497
2,195047472,195055977,8505
2,195052103,195055977,3874
2,195525962,195527085,1123
2,195525962,195529043,3081
2,195525962,195527017,1055
2,195525966,195530356,4390
2,195526377,195530356,3979
2,195527591,195530175,2584
2,195541184,195542086,902
2,195651341,195659391,8050
2,195738989,195746569,7580
2,196296725,196302932,6207
2,196511671,196515907,4236
2,196520990,196526973,5983
2,196527811,196534405,6594
2,197209888,197213422,3534
2,197214444,197221452,7008
2,197214546,197222142,7596
2,198407441,198408551,1110
2,198896829,198904310,7481
2,199165339,199173847,8508
2,199168540,199175077,6537
2,199168786,199173754,4968
2,199168786,199175440,6654
2,199168786,199175498,6712
2,199168786,199175498,6712
2,199173847,199180856,7009
2,199175447,199180856,5409
2,199557257,199563472,6215
2,202178109,202178253,144
2,202417574,202423741,6167
2,202639323,202644087,4764
2,202639323,202643907,4584
2,203257736,203263319,5583
2,203588080,203589841,1761
2,203602088,203605177,3089
2,203605251,203613637,8386
2,203606160,203613637,7477
2,203606209,203615482,9273
2,203629835,203633941,4106
2,204077195,204080106,2911
2,204077195,204082469,5274
2,204077195,204080174,2979
2,204080310,204082469,2159
2,204080464,204082469,2005
2,204080497,204082469,1972
2,204117438,204118926,1488
2,205944817,205953121,8304
2,205944851,205946166,1315
2,205945136,205947680,2544
2,205948851,205955315,6464
2,206539871,206541039,1168
2,206624262,206628748,4486
2,207220671,207227480,6809
2,207227092,207229978,2886
2,207227456,207229978,2522
2,207227456,207237226,9770
2,207227456,207237226,9770
2,207229978,207237226,7248
2,207379295,207386597,7302
2,207381475,207386597,5122
2,207829046,207837761,8715
2,207829093,207834646,5553
2,207831696,207839623,7927
2,207831926,207837761,5835
2,207831952,207837625,5673
2,207833604,207839929,6325
2,207834700,207839969,5269
2,207834700,207839719,5019
2,207834700,207840889,6189
2,207838763,207839518,755
2,208538960,208541676,2716
2,208538960,208541676,2716
2,208936193,208943533,7340
2,208941503,208943533,2030
2,208942429,208943533,1104
2,209109184,209118213,9029
2,209110737,209112502,1765
2,209110781,209118213,7432
2,209110781,209119758,8977
2,209110781,209113291,2510
2,209110785,209114287,3502
2,209110869,209114433,3564
2,209110890,209118213,7323
2,209114446,209119758,5312
2,209114446,209123945,9499
2,209114473,209119758,5285
2,209114473,209119758,5285
2,209124141,209132293,8152
2,209125351,209130927,5576
2,209125351,209130927,5576
2,209125351,209131855,6504
2,209125351,209132293,6942
2,209836016,209836425,409
2,210032777,210036720,3943
2,210032956,210039092,6136
2,210375917,210377809,1892
2,210377809,210383244,5435
2,210391513,210393690,2177
2,211482372,211486444,4072
2,211483882,211486473,2591
2,211483882,211486444,2562
2,211498556,211508205,9649
2,211501572,211508153,6581
2,211508130,211512545,4415
2,211508205,211509708,1503
2,211512545,211521196,8651
2,211512602,211522397,9795
2,211521319,211522397,1078
2,211589054,211590756,1702
2,211589054,211592275,3221
2,211590756,211592357,1601
2,211658980,211661487,2507
2,211722498,211723395,897
2,211738332,211740646,2314
2,212240301,212245485,5184
2,212408664,212413827,5163
2,212421673,212422796,1123
2,212478521,212485713,7192
2,212478521,212485713,7192
2,212478521,212486181,7660
2,212479117,212485713,6596
2,212479117,212485436,6319
2,212480391,212485713,5322
2,212528145,212535290,7145
2,212528145,212536154,8009
2,212528145,212537752,9607
2,212528544,212536154,7610
2,212528566,212534850,6284
2,212528590,212532576,3986
2,212528590,212537752,9162
2,212528590,212537752,9162
2,212528590,212536183,7593
2,212528590,212537752,9162
2,212528590,212537752,9162
2,212528590,212529436,846
2,212528590,212536183,7593
2,212528590,212534850,6260
2,212528590,212537113,8523
2,212528590,212535080,6490
2,212528590,212537752,9162
2,212529437,212532642,3205
2,212529437,212537752,8315
2,212529437,212537752,8315
2,212529437,212537108,7671
2,212529437,212537752,8315
2,212529437,212536183,6746
2,212529439,212533532,4093
2,212532077,212532642,565
2,212532077,212532735,658
2,212532735,212537831,5096
2,212532735,212533763,1028
2,212532735,212533532,797
2,212532918,212537752,4834
2,212533532,212540291,6759
2,212535080,212537752,2672
2,212795907,212799971,4064
2,213163057,213171400,8343
2,213168107,213173854,5747
2,213168122,213173687,5565
2,213173902,213174900,998
2,213583622,213584820,1198
2,213588860,213597005,8145
2,213804935,213808519,3584
2,213805695,213809049,3354
2,213808510,213815822,7312
2,213808510,213815732,7222
2,213808607,213815732,7125
2,213815733,213818302,2569
2,213842774,213848728,5954
2,213842774,213848573,5799
2,213842789,213848728,5939
2,213842789,213848728,5939
2,213995863,214000535,4672
2,213995863,214000580,4717
2,213995929,214000445,4516
2,214059606,214064747,5141
2,214206835,214208403,1568
2,214661266,214665167,3901
2,214661266,214664305,3039
2,214923533,214930566,7033
2,214923533,214924652,1119
2,215015075,215022403,7328
2,215016025,215022402,6377
2,215017371,215022402,5031
2,215017371,215022403,5032
2,215017371,215022403,5032
2,215022453,215024887,2434
2,215032904,215041990,9086
2,215040843,215041987,1144
2,215289084,215292970,3886
2,215338916,215346557,7641
2,215400167,215409863,9696
2,215404995,215411750,6755
2,215410116,215411765,1649
2,215410607,215411765,1158
2,215520445,215521834,1389
2,215548928,215553035,4107
2,215551642,215558621,6979
2,215551642,215553035,1393
2,216320397,216325214,4817
2,216609785,216612186,2401
2,216614518,216615215,697
2,216665612,216666148,536
2,216756682,216757864,1182
2,217005806,217012175,6369
2,217005806,217012177,6371
2,217119251,217120279,1028
2,217335453,217342843,7390
2,217345228,217349472,4244
2,217650137,217657931,7794
2,217650137,217656667,6530
2,217650607,217658066,7459
2,217686192,217687508,1316
2,218843613,218844000,387
2,219019232,219020035,803
2,219389623,219396137,6514
2,219727491,219730557,3066
2,219727491,219730559,3068
2,219727491,219731363,3872
2,219727508,219732096,4588
2,219727508,219731457,3949
2,219727508,219731394,3886
2,219727508,219731405,3897
2,219727522,219731363,3841
2,219727522,219731363,3841
2,219727561,219731394,3833
2,220143000,220152505,9505
2,220233372,220233809,437
2,220646717,220646894,177
2,222268794,222278403,9609
2,222435110,222436527,1417
2,222435379,222436527,1148
2,222435379,222436527,1148
2,222435379,222438458,3079
2,222648018,222649635,1617
2,222690325,222693293,2968
2,222694625,222696683,2058
2,222696760,222705619,8859
2,222705572,222708077,2505
2,222705676,222705894,218
2,222807803,222814944,7141
2,223283960,223290246,6286
2,223284686,223290219,5533
2,223284686,223291167,6481
2,223284686,223290227,5541
2,223284686,223290227,5541
2,223284686,223286279,1593
2,223284686,223290246,5560
2,223284689,223291111,6422
2,223285599,223290219,4620
2,223286423,223290198,3775
2,223636715,223638785,2070
2,223636715,223638952,2237
2,224064541,224064908,367
2,224174555,224174846,291
2,224907504,224909311,1807
2,225157541,225157779,238
2,226326445,226329854,3409
2,226371051,226377289,6238
2,226377289,226378239,950
2,226378267,226378818,551
2,226393054,226394156,1102
2,226449821,226454059,4238
2,226697511,226705602,8091
2,228036283,228042995,6712
2,228800545,228804534,3989
2,228800581,228804446,3865
2,228801647,228808484,6837
2,228801647,228804740,3093
2,229119678,229129549,9871
2,229419762,229428294,8532
2,230384117,230388277,4160
2,230867804,230873875,6071
2,230886580,230888746,2166
2,230887760,230888746,986
2,230888203,230888715,512
2,230941253,230941425,172
2,230941327,230941918,591
2,230941585,230941876,291
2,230941876,230944215,2339
2,230941876,230944199,2323
2,230941918,230944199,2281
2,231986356,231994173,7817
2,232160688,232167413,6725
2,232361461,232369800,8339
2,232361461,232361632,171
2,232361461,232369815,8354
2,232361461,232361656,195
2,232361802,232369609,7807
2,232364542,232369815,5273
2,232364619,232369609,4990
2,232364638,232369815,5177
2,232364661,232371582,6921
2,232364661,232365549,888
2,232365569,232366056,487
2,232365569,232366015,446
2,232365569,232366108,539
2,232366015,232369815,3800
2,232366056,232369800,3744
2,232366108,232369609,3501
2,232366108,232369609,3501
2,232369815,232372213,2398
2,232369815,232374162,4347
2,232369861,232371528,1667
2,232371582,232372213,631
2,232374035,232382635,8600
2,232381204,232382635,1431
2,232482915,232486579,3664
2,232482915,232486603,3688
2,232521931,232528683,6752
2,232575506,232583884,8378
2,232876647,232878021,1374
2,232877028,232878021,993
2,232878021,232879454,1433
2,232878021,232879454,1433
2,232965192,232973684,8492
2,232966026,232975926,9900
2,232985999,232987783,1784
2,232985999,232987783,1784
2,232985999,232987716,1717
2,233114753,233115518,765
2,233590067,233598186,8119
2,233590067,233598219,8152
2,233590067,233598219,8152
2,233590067,233597694,7627
2,233592526,233598432,5906
2,233598147,233599387,1240
2,233598219,233598657,438
2,233598219,233599387,1168
2,233598219,233598657,438
2,233598480,233598621,141
2,233599387,233600960,1573
2,233632682,233632990,308
2,233632816,233632990,174
2,233674031,233674874,843
2,233674907,233675266,359
2,233678594,233680584,1990
2,233740279,233746661,6382
2,233744637,233746651,2014
2,233746681,233749013,2332
2,233747467,233751873,4406
2,233911258,233913977,2719
2,233911323,233913921,2598
2,234030785,234033933,3148
2,234259389,234264890,5501
2,234264945,234267806,2861
2,234404730,234410542,5812
2,234404730,234412210,7480
2,234405195,234410278,5083
2,234410278,234412210,1932
2,234410567,234414482,3915
2,234410567,234412183,1616
2,234434376,234437645,3269
2,234434425,234436016,1591
2,234435184,234441041,5857
2,234796490,234800948,4458
2,234796555,234800948,4393
2,234800948,234802084,1136
2,234800948,234802084,1136
2,235439771,235447535,7764
2,235920311,235926273,5962
2,236187946,236188612,666
2,236227363,236235057,7694
2,236282455,236291345,8890
2,236291252,236295364,4112
2,236291736,236298538,6802
2,236293134,236295364,2230
2,236295364,236298574,3210
2,236295364,236298574,3210
2,236350795,236352072,1277
2,236351970,236354819,2849
2,236352224,236357031,4807
2,236409018,236414161,5143
2,236409042,236414127,5085
2,236414059,236421668,7609
2,236414163,236421548,7385
2,236414163,236422517,8354
2,236414163,236423693,9530
2,236414457,236422517,8060
2,236422564,236425615,3051
2,236422564,236425615,3051
2,236423693,236425667,1974
2,236423693,236425667,1974
2,236425667,236426583,916
2,236485873,236486042,169
2,236609628,236610441,813
2,236610441,236612846,2405
2,236965704,236966570,866
3,1349754,1351339,1585
3,1462147,1467362,5215
3,1467324,1468737,1413
3,1467324,1468737,1413
3,1477391,1479241,1850
3,1477391,1482075,4684
3,1477471,1482075,4604
3,1553288,1555816,2528
3,1568536,1571835,3299
3,1591347,1596922,5575
3,1596922,1603166,6244
3,1596928,1597208,280
3,1596928,1602274,5346
3,1597214,1597356,142
3,1597356,1602274,4918
3,1597356,1602274,4918
3,1597356,1602274,4918
3,1611096,1616301,5205
3,1690497,1691553,1056
3,1709682,1713763,4081
3,1711729,1711815,86
3,1711852,1713763,1911
3,1772240,1773564,1324
3,1964140,1967831,3691
3,1964140,1967831,3691
3,1964140,1968782,4642
3,1964161,1967831,3670
3,1967831,1968857,1026
3,1968863,1975903,7040
3,1975903,1980867,4964
3,1976530,1980924,4394
3,1976834,1980939,4105
3,1999358,2002195,2837
3,2067782,2073546,5764
3,2067803,2073008,5205
3,2067803,2073008,5205
3,2071529,2073008,1479
3,2118623,2119100,477
3,2118623,2123011,4388
3,2118918,2127560,8642
3,2119009,2125663,6654
3,2119625,2125663,6038
3,2124404,2128196,3792
3,2128433,2134169,5736
3,2128433,2134169,5736
3,2132820,2134237,1417
3,2134169,2142880,8711
3,2138728,2146479,7751
3,2142589,2147074,4485
3,2143547,2147074,3527
3,2143736,2147074,3338
3,2144118,2146214,2096
3,2144118,2146435,2317
3,2144452,2147284,2832
3,2145146,2154171,9025
3,2145146,2154370,9224
3,2145146,2151340,6194
3,2145221,2154904,9683
3,2146214,2146479,265
3,2146277,2155582,9305
3,2146446,2151340,4894
3,2146479,2154835,8356
3,2146479,2154835,8356
3,2146479,2147074,595
3,2146541,2156010,9469
3,2146820,2150768,3948
3,2147074,2154904,7830
3,2147074,2154904,7830
3,2147074,2154261,7187
3,2147074,2154904,7830
3,2147074,2156010,8936
3,2147074,2154835,7761
3,2147074,2154904,7830
3,2147074,2151821,4747
3,2147074,2156010,8936
3,2147074,2156010,8936
3,2147074,2154175,7101
3,2147074,2154171,7097
3,2147074,2154835,7761
3,2147101,2154370,7269
3,2150915,2154904,3989
3,2151061,2154904,3843
3,2151061,2154904,3843
3,2151061,2154904,3843
3,2151340,2154904,3564
3,2151821,2154838,3017
3,2606633,2610432,3799
3,2624800,2629129,4329
3,2624800,2629090,4290
3,2624800,2626964,2164
3,2624826,2629147,4321
3,2624826,2626964,2138
3,2624830,2629090,4260
3,2626885,2629620,2735
3,2626964,2631447,4483
3,2626964,2629090,2126
3,2626964,2629090,2126
3,2626964,2629090,2126
3,2626964,2629090,2126
3,2626964,2629090,2126
3,2626964,2629090,2126
3,2627114,2629837,2723
3,2627114,2629620,2506
3,2627114,2629090,1976
3,2629620,2631447,1827
3,2629620,2631447,1827
3,2629620,2631447,1827
3,2629851,2631447,1596
3,2629851,2631447,1596
3,2679211,2682204,2993
3,2679211,2680689,1478
3,2680076,2680689,613
3,2680153,2688680,8527
3,2680689,2688565,7876
3,2680689,2685941,5252
3,2680689,2685941,5252
3,2680689,2688675,7986
3,2680689,2688675,7986
3,2680689,2685941,5252
3,2680689,2685941,5252
3,2680689,2688337,7648
3,2680689,2683971,3282
3,2684082,2688774,4692
3,2684082,2685941,1859
3,2684082,2685941,1859
3,2684082,2688774,4692
3,2684082,2688337,4255
3,2684082,2688337,4255
3,2684108,2688337,4229
3,2684108,2685941,1833
3,2684108,2688337,4229
3,2685240,2688337,3097
3,2685240,2685941,701
3,2685941,2688680,2739
3,2778756,2780166,1410
3,2812219,2816536,4317
3,2812301,2816372,4071
3,2813553,2819042,5489
3,2813837,2816536,2699
3,2813935,2816536,2601
3,2813936,2816536,2600
3,2813936,2816372,2436
3,2813936,2816536,2600
3,2945009,2948563,3554
3,2948563,2957322,8759
3,2948563,2956178,7615
3,2948563,2957415,8852
3,3107318,3116568,9250
3,3110350,3116657,6307
3,3112147,3117951,5804
3,3112561,3117819,5258
3,3112615,3117131,4516
3,3422252,3428036,5784
3,3422252,3428036,5784
3,3422252,3428799,6547
3,3422252,3431342,9090
3,3422252,3431342,9090
3,3422310,3432259,9949
3,3422310,3432259,9949
3,3422310,3432255,9945
3,3422310,3432255,9945
3,3422471,3431342,8871
3,3422471,3431342,8871
3,3422471,3431342,8871
3,3422471,3432255,9784
3,3422471,3432255,9784
3,3428010,3432255,4245
3,3428019,3432259,4240
3,3457001,3464792,7791
3,3457001,3463546,6545
3,3462530,3463533,1003
3,3462530,3472166,9636
3,3463533,3472166,8633
3,3463546,3464730,1184
3,3463546,3472166,8620
3,3464763,3472166,7403
3,3471575,3479022,7447
3,3472166,3478914,6748
3,3472166,3477166,5000
3,3472166,3478168,6002
3,3477157,3478900,1743
3,3477220,3478103,883
3,3477220,3478103,883
3,3477220,3478898,1678
3,3477220,3478914,1694
3,3477220,3479474,2254
3,3477220,3478103,883
3,3478909,3479022,113
3,3478926,3479474,548
3,3500708,3503873,3165
3,3516021,3525377,9356
3,3549419,3551063,1644
3,3549419,3550935,1516
3,3549419,3556612,7193
3,3549800,3551059,1259
3,3550935,3555780,4845
3,3551059,3558149,7090
3,3551059,3555780,4721
3,3551059,3558135,7076
3,3551063,3559798,8735
3,3551063,3556226,5163
3,3551063,3557998,6935
3,3551063,3555808,4745
3,3551063,3555808,4745
3,3551109,3555808,4699
3,3551133,3555780,4647
3,3551346,3559633,8287
3,3551346,3559633,8287
3,3551346,3556612,5266
3,3551665,3559753,8088
3,3551665,3559642,7977
3,3551665,3559642,7977
3,3551665,3559642,7977
3,3551665,3559642,7977
3,3551665,3558135,6470
3,3551665,3556226,4561
3,3551706,3555808,4102
3,3551706,3555780,4074
3,3553291,3555780,2489
3,3556226,3557485,1259
3,3556226,3559659,3433
3,3558135,3559753,1618
3,3558135,3559640,1505
3,3694083,3701669,7586
3,3822322,3832005,9683
3,3822322,3827817,5495
3,3826602,3834196,7594
3,3826862,3832005,5143
3,3827913,3832005,4092
3,3827913,3832005,4092
3,3832105,3834622,2517
3,3832105,3834554,2449
3,3832105,3834551,2446
3,3832105,3834622,2517
3,3834622,3836300,1678
3,3916002,3923260,7258
3,3916205,3924772,8567
3,3923080,3924580,1500
3,3989169,3994776,5607
3,4153027,4162983,9956
3,4153027,4163018,9991
3,4336107,4341523,5416
3,4336107,4339396,3289
3,4336107,4339763,3656
3,4337543,4339884,2341
3,4339763,4340234,471
3,4339884,4340234,350
3,4340258,4340782,524
3,4340876,4343054,2178
3,4341577,4345435,3858
3,4533102,4540534,7432
3,4533102,4542813,9711
3,4540131,4542492,2361
3,4540748,4548081,7333
3,4540748,4542959,2211
3,4542433,4551640,9207
3,4542433,4546475,4042
3,4542492,4547881,5389
3,4581784,4582402,618
3,4665150,4667346,2196
3,4667346,4667937,591
3,4703849,4709558,5709
3,4703931,4710790,6859
3,4703931,4708524,4593
3,4703931,4708402,4471
3,4708549,4709558,1009
3,4709558,4718883,9325
3,4715918,4721358,5440
3,4716125,4721276,5151
3,4716548,4718883,2335
3,4716548,4718883,2335
3,4718981,4724967,5986
3,5325639,5335065,9426
3,5325680,5335065,9385
3,5325726,5335533,9807
3,5325726,5335695,9969
3,5565792,5573851,8059
3,5568105,5573851,5746
3,5573961,5578790,4829
3,5573961,5581196,7235
3,5573961,5581196,7235
3,5578721,5586395,7674
3,5578721,5584990,6269
3,5581196,5587792,6596
3,5581196,5586052,4856
3,5584990,5586403,1413
3,5585902,5587818,1916
3,5586052,5587793,1741
3,5586052,5586403,351
3,5586052,5586403,351
3,5776548,5777895,1347
3,5776548,5777090,542
3,5776698,5776901,203
3,5777824,5778021,197
3,5823721,5824753,1032
3,5846628,5849877,3249
3,5846628,5847146,518
3,5847194,5850532,3338
3,5849877,5850356,479
3,5879642,5887034,7392
3,5879751,5881449,1698
3,5879751,5881797,2046
3,5948001,5955739,7738
3,5948276,5958011,9735
3,5948276,5955744,7468
3,5948278,5955731,7453
3,5955856,5957752,1896
3,5982447,5987931,5484
3,5982712,5989985,7273
3,5983367,5986750,3383
3,5986770,5989982,3212
3,5988018,5991099,3081
3,5988018,5989031,1013
3,5988577,5989094,517
3,5988724,5989982,1258
3,5989084,5989982,898
3,5989094,5996645,7551
3,5989985,5992973,2988
3,5989985,5991055,1070
3,5989985,5992945,2960
3,5992945,5993914,969
3,5992945,5995726,2781
3,5992945,5993900,955
3,5992973,5993896,923
3,5992997,5996759,3762
3,5993016,5993900,884
3,5993914,6001807,7893
3,5995755,5996759,1004
3,5996529,6002104,5575
3,6295013,6301948,6935
3,6299731,6301948,2217
3,6300130,6303596,3466
3,6300241,6303596,3355
3,6300554,6301948,1394
3,6426585,6435962,9377
3,6428530,6437114,8584
3,6428530,6434245,5715
3,6428559,6435760,7201
3,6428559,6434245,5686
3,6428559,6433220,4661
3,6428559,6434245,5686
3,6434245,6436762,2517
3,6435185,6436957,1772
3,6435463,6437130,1667
3,6519059,6523526,4467
3,6520575,6523471,2896
3,6520575,6528405,7830
3,6584844,6585456,612
3,6671078,6676684,5606
3,6671078,6676597,5519
3,6671120,6677544,6424
3,6671120,6676684,5564
3,6676706,6685092,8386
3,6676706,6685145,8439
3,6677452,6685038,7586
3,6677452,6684935,7483
3,6677452,6685001,7549
3,6677857,6682038,4181
3,6681181,6682038,857
3,6687112,6687788,676
3,6738861,6739219,358
3,6793865,6802896,9031
3,6931658,6935068,3410
3,6969224,6976777,7553
3,6969224,6976777,7553
3,7119766,7123327,3561
3,7120316,7123327,3011
3,7120406,7123327,2921
3,7204636,7212989,8353
3,7204715,7212724,8009
3,7933821,7937339,3518
3,7937339,7939175,1836
3,7972356,7980696,8340
3,7980592,7982691,2099
3,7980696,7981989,1293
3,8121166,8124901,3735
3,8265688,8270639,4951
3,8300051,8302413,2362
3,8300051,8303133,3082
3,8300745,8303017,2272
3,8302533,8311376,8843
3,8302645,8303123,478
3,8302645,8303123,478
3,8302645,8303133,488
3,8541415,8542835,1420
3,8541420,8542287,867
3,8597841,8607136,9295
3,9035467,9042621,7154
3,9039081,9043418,4337
3,9065984,9070331,4347
3,9070412,9070733,321
3,9109345,9115119,5774
3,9113669,9115119,1450
3,9113981,9115086,1105
3,9234619,9241791,7172
3,9234619,9240811,6192
3,9311685,9318082,6397
3,9311685,9318082,6397
3,9318154,9324890,6736
3,9318382,9324704,6322
3,9450337,9456569,6232
3,9451153,9452081,928
3,10092970,10095035,2065
3,10276926,10284780,7854
3,10276926,10284780,7854
3,10280635,10284780,4145
3,10283363,10284846,1483
3,10465703,10466304,601
3,10466304,10469289,2985
3,10512209,10516162,3953
3,10512209,10515910,3701
3,10512209,10512265,56
3,10512265,10513904,1639
3,10512265,10516162,3897
3,10514157,10516162,2005
3,10514893,10516782,1889
3,10516855,10521145,4290
3,10517917,10518754,837
3,10518742,10521137,2395
3,10518769,10521197,2428
3,10521203,10522921,1718
3,10522821,10529549,6728
3,10522821,10529549,6728
3,10674683,10683456,8773
3,10674749,10683496,8747
3,10677985,10683556,5571
3,10678022,10683406,5384
3,10678022,10686024,8002
3,10683496,10685514,2018
3,10683496,10685514,2018
3,10683580,10686024,2444
3,11209053,11212287,3234
3,11210228,11212287,2059
3,11212287,11214704,2417
3,11214741,11221357,6616
3,11214741,11221497,6756
3,11442070,11447239,5169
3,11444549,11447278,2729
3,11447278,11447883,605
3,12132193,12135186,2993
3,12133874,12134231,357
3,12134635,12135238,603
3,12189533,12194012,4479
3,12287912,12291359,3447
3,12289808,12291359,1551
3,12289808,12291359,1551
3,12413961,12422156,8195
3,12526331,12529822,3491
3,12526437,12529632,3195
3,12526437,12530531,4094
3,12526502,12529822,3320
3,12526555,12531370,4815
3,12526555,12529468,2913
3,12526555,12529920,3365
3,12526555,12529468,2913
3,12526582,12529822,3240
3,12526582,12531476,4894
3,12526582,12530000,3418
3,12529468,12529920,452
3,12530651,12537546,6895
3,13264825,13271051,6226
3,13265008,13271051,6043
3,13271051,13277926,6875
3,13271051,13273245,2194
3,13273245,13278510,5265
3,13278504,13280581,2077
3,13719161,13727613,8452
3,13719328,13726942,7614
3,13723519,13726942,3423
3,13723781,13726942,3161
3,13723850,13727613,3763
3,13724192,13727613,3421
3,13724192,13730535,6343
3,13724192,13726166,1974
3,14226665,14229695,3030
3,14930490,14931525,1035
3,15049945,15056252,6307
3,15434416,15439961,5545
3,16568611,16573331,4720
3,16570795,16575099,4304
3,16614443,16615268,825
3,17823976,17829740,5764
3,17827958,17831379,3421
3,17831409,17833555,2146
3,17831409,17833231,1822
3,17831409,17833558,2149
3,17831421,17831682,261
3,18015764,18025429,9665
3,18996427,18999725,3298
3,18997530,18999963,2433
3,18997928,18999963,2035
3,19754812,19758152,3340
3,19755253,19755727,474
3,19755253,19755727,474
3,19755727,19762643,6916
3,19755727,19759436,3709
3,19778947,19785063,6116
3,19929562,19939558,9996
3,19929562,19939558,9996
3,19939558,19945628,6070
3,19944295,19945812,1517
3,20377712,20385782,8070
3,20377824,20378438,614
3,20378438,20386140,7702
3,20411372,20417592,6220
3,21367716,21368918,1202
3,21368797,21369160,363
3,21562641,21564078,1437
3,21855841,21856704,863
3,21855841,21861267,5426
3,22306679,22306736,57
3,22306679,22307384,705
3,22382343,22387587,5244
3,22382471,22387034,4563
3,22386082,22387110,1028
3,22387034,22388554,1520
3,22387110,22388554,1444
3,22563275,22570863,7588
3,22563582,22571436,7854
3,22570789,22571436,647
3,22817084,22819823,2739
3,26308841,26310723,1882
3,26308887,26310790,1903
3,28215271,28220886,5615
3,28616548,28616979,431
3,30009999,30013089,3090
3,31449087,31454793,5706
3,31449087,31453973,4886
3,31449094,31457136,8042
3,32033690,32037739,4049
3,34844851,34845949,1098
3,35495780,35502105,6325
3,35502438,35504757,2319
3,36308112,36317024,8912
3,37237552,37244361,6809
3,43360349,43364729,4380
3,44221281,44221795,514
3,49051710,49055068,3358
3,54175711,54177000,1289
3,56282890,56287082,4192
3,57092164,57099900,7736
3,57092164,57100097,7933
3,58714575,58715552,977
3,60251769,60252679,910
3,66942362,66949318,6956
3,86831495,86840494,8999
3,86873783,86874849,1066
3,86874161,86874849,688
3,114352201,114355768,3567
3,119969306,119975883,6577
3,121660338,121667364,7026
3,122071597,122074987,3390
3,122494784,122496235,1451
3,123263992,123267707,3715
3,123402305,123403842,1537
3,127216900,127219484,2584
3,129048462,129050793,2331
3,132840812,132842593,1781
3,132842673,132846838,4165
3,133782389,133783646,1257
3,136162149,136165573,3424
3,136162233,136165573,3340
3,137230235,137230316,81
3,142728474,142736509,8035
3,143801247,143803655,2408
3,145481851,145489637,7786
3,145482085,145489637,7552
3,146784527,146792228,7701
3,147287107,147292623,5516
3,147290961,147292520,1559
3,147401031,147405131,4100
3,147401613,147404810,3197
3,147401762,147405020,3258
3,148231796,148240404,8608
3,148291283,148298879,7596
3,149311960,149313960,2000
3,149311960,149313960,2000
3,149556314,149563658,7344
3,149563659,149564281,622
3,150030138,150036296,6158
3,151968435,151971414,2979
3,151970626,151971622,996
3,152170341,152180047,9706
3,153857669,153858598,929
3,154592805,154593384,579
3,154656805,154658449,1644
3,154656805,154661370,4565
3,154658338,154661370,3032
3,154658449,154667449,9000
3,154660114,154661177,1063
3,155734933,155735827,894
3,155955312,155961960,6648
3,155956212,155961935,5723
3,155956212,155961960,5748
3,155960099,155961935,1836
3,156052627,156058397,5770
3,156053342,156058908,5566
3,156058908,156060214,1306
3,156634939,156635799,860
3,157572474,157577077,4603
3,157578245,157578765,520
3,158772360,158781327,8967
3,158776464,158780918,4454
3,159378892,159384472,5580
3,159678039,159678635,596
3,159799951,159801004,1053
3,159801859,159802908,1049
3,159801859,159802908,1049
3,159801859,159808521,6662
3,159801859,159802872,1013
3,159802790,159805552,2762
3,159805599,159808521,2922
3,159810497,159820338,9841
3,159810497,159810990,493
3,159810990,159819536,8546
3,159810990,159820338,9348
3,159861315,159869611,8296
3,159861315,159869611,8296
3,159861355,159869611,8256
3,159861424,159869357,7933
3,159861424,159869357,7933
3,159865833,159872013,6180
3,159869357,159872008,2651
3,159869611,159872008,2397
3,159869611,159872008,2397
3,159869611,159878013,8402
3,159872008,159878013,6005
3,161562278,161565584,3306
3,161562291,161562573,282
3,161730658,161732980,2322
3,161955759,161959366,3607
3,161956025,161961227,5202
3,161957919,161961227,3308
3,161958082,161961227,3145
3,161958564,161961404,2840
3,162063499,162067355,3856
3,162065521,162067355,1834
3,162077411,162079375,1964
3,162178135,162180009,1874
3,162435981,162437134,1153
3,164391201,164392957,1756
3,164967397,164975154,7757
3,164974406,164975154,748
3,165021985,165023796,1811
3,165454556,165460857,6301
3,165704305,165704961,656
3,165729099,165732448,3349
3,165732448,165734677,2229
3,165856115,165862711,6596
3,166424418,166431986,7568
3,166424468,166429930,5462
3,166429930,166432089,2159
3,166447066,166448677,1611
3,166448000,166448677,677
3,166448330,166450758,2428
3,166448477,166450758,2281
3,166448477,166450758,2281
3,166448677,166450758,2081
3,166448677,166450758,2081
3,166450758,166452404,1646
3,166793983,166796168,2185
3,166998038,167004327,6289
3,167004327,167008008,3681
3,167369685,167376897,7212
3,167372265,167376897,4632
3,167372307,167376897,4590
3,167432464,167433770,1306
3,167432844,167433770,926
3,167432869,167435289,2420
3,167433770,167442503,8733
3,167433770,167435289,1519
3,167435450,167442512,7062
3,167435450,167442503,7053
3,168367224,168368531,1307
3,168367332,168367782,450
3,168480721,168485664,4943
3,169044118,169052495,8377
3,169046350,169052376,6026
3,169046410,169053334,6924
3,169046410,169053334,6924
3,169719226,169727297,8071
3,169721868,169729997,8129
3,169725835,169730044,4209
3,169726452,169732463,6011
3,169726452,169733984,7532
3,169729994,169734685,4691
3,169729997,169734032,4035
3,169732463,169733842,1379
3,170022544,170023869,1325
3,170023559,170026788,3229
3,170023869,170027205,3336
3,170124509,170127322,2813
3,170491890,170494982,3092
3,172128572,172132135,3563
3,172198359,172200905,2546
3,172199020,172200653,1633
3,172335149,172336197,1048
3,172441700,172442890,1190
3,172670223,172671606,1383
3,172671606,172677941,6335
3,173022406,173023084,678
3,173372179,173374427,2248
3,173372179,173374427,2248
3,173469927,173472428,2501
3,173469927,173472590,2663
3,173472590,173475499,2909
3,173513521,173514620,1099
3,173515747,173521336,5589
3,175540678,175543375,2697
3,175548820,175549771,951
3,175689183,175690764,1581
3,175689190,175692005,2815
3,175690764,175700054,9290
3,175690764,175700054,9290
3,175690791,175692005,1214
3,175690791,175692005,1214
3,175692108,175700550,8442
3,175692350,175700216,7866
3,175693427,175700216,6789
3,175693584,175700054,6470
3,175693584,175700054,6470
3,175695287,175700054,4767
3,175702795,175704361,1566
3,175704361,175709300,4939
3,175936472,175936733,261
3,175936772,175938228,1456
3,175957738,175963258,5520
3,176321489,176324651,3162
3,176321489,176324651,3162
3,176324651,176332413,7762
3,176324651,176332708,8057
3,176332313,176332371,58
3,176355997,176357042,1045
3,176553734,176556808,3074
3,176554551,176556948,2397
3,176556995,176562401,5406
3,176556995,176558508,1513
3,176558059,176562401,4342
3,176558546,176562401,3855
3,176558698,176562401,3703
3,176558716,176563983,5267
3,176560214,176562633,2419
3,176561408,176565733,4325
3,176561408,176565733,4325
3,176562371,176570449,8078
3,176562661,176570449,7788
3,176562972,176570449,7477
3,176562972,176570543,7571
3,176798649,176803703,5054
3,176803703,176805413,1710
3,176803703,176805413,1710
3,177997796,178005797,8001
3,178003025,178008054,5029
3,178040291,178041032,741
3,178040291,178049637,9346
3,178040320,178049637,9317
3,178040320,178049637,9317
3,178040566,178041032,466
3,178041134,178049637,8503
3,178041134,178049748,8614
3,178320050,178321598,1548
3,178320098,178326842,6744
3,178320112,178321598,1486
3,178320112,178321598,1486
3,178320112,178322550,2438
3,178321598,178322550,952
3,178410144,178411002,858
3,178410144,178411002,858
3,178410954,178413684,2730
3,178411002,178414822,3820
3,179410462,179414677,4215
3,179635631,179638406,2775
3,179638330,179640317,1987
3,179803733,179809560,5827
3,180317159,180319887,2728
3,180509939,180517341,7402
3,180509990,180516308,6318
3,180511118,180516880,5762
3,180667089,180667788,699
3,180744499,180746113,1614
3,180768919,180774488,5569
3,180772743,180778429,5686
3,181067173,181071926,4753
3,181069406,181071264,1858
3,181551942,181558011,6069
3,181551942,181559598,7656
3,181687955,181691049,3094
3,182044355,182046436,2081
3,182046436,182051985,5549
3,182046436,182051985,5549
3,182046436,182051985,5549
3,183313009,183316406,3397
3,183887719,183896200,8481
3,184067853,184076786,8933
3,184268939,184272901,3962
3,184355448,184364877,9429
3,184355448,184363577,8129
3,184358118,184364877,6759
3,184363577,184370366,6789
3,184363577,184366604,3027
3,184363577,184364877,1300
3,184365224,184369308,4084
3,184365442,184369308,3866
3,184672440,184675848,3408
3,184674134,184676771,2637
3,184674497,184676317,1820
3,184674590,184675712,1122
3,184817114,184817670,556
3,184849786,184851673,1887
3,185932761,185937099,4338
3,185933925,185937567,3642
3,186784793,186793750,8957
3,187431182,187437372,6190
3,187431250,187435209,3959
3,187431250,187438185,6935
3,187431250,187437524,6274
3,187431250,187435209,3959
3,187431250,187435300,4050
3,187431250,187435210,3960
3,187431522,187438271,6749
3,187431896,187433387,1491
3,187433387,187435300,1913
3,187433387,187435210,1823
3,187433387,187435300,1913
3,187435210,187442551,7341
3,187440329,187445367,5038
3,187611392,187618722,7330
3,187742351,187744543,2192
3,188539926,188541869,1943
3,188663971,188669024,5053
3,188664113,188670895,6782
3,188664113,188670919,6806
3,188664113,188670919,6806
3,188664399,188670919,6520
3,189356593,189360392,3799
3,189455154,189457540,2386
3,189455907,189459369,3462
3,189456075,189459204,3129
3,189459302,189465693,6391
3,189459369,189468516,9147
3,189464360,189472279,7919
3,189691696,189692695,999
3,189692794,189692995,201
3,189693479,189699414,5935
3,189693479,189698479,5000
3,190081030,190083122,2092
3,190315667,190324726,9059
3,190567509,190568631,1122
3,190569242,190572500,3258
3,190774557,190783745,9188
3,191770937,191780183,9246
3,191774996,191777580,2584
3,192033646,192034144,498
3,194044350,194047513,3163
3,194044413,194054108,9695
3,194047513,194048271,758
3,194466814,194470591,3777
3,195313703,195315915,2212
3,195748005,195751300,3295
3,195926317,195926685,368
3,195926661,195927289,628
3,195963782,195964125,343
3,195963966,195968083,4117
3,195964379,195968085,3706
3,195965651,195968790,3139
3,196090815,196092201,1386
3,196150129,196153697,3568
3,196150129,196153894,3765
3,196150129,196155769,5640
3,196150583,196153863,3280
3,196153894,196155788,1894
3,196153970,196155788,1818
3,196201618,196206367,4749
3,196201618,196206403,4785
3,196440473,196446394,5921
3,196560191,196566230,6039
3,197248123,197249615,1492
3,197280406,197282300,1894
3,197374480,197379977,5497
3,197375160,197379977,4817
3,197375160,197382214,7054
3,197375671,197382267,6596
3,197375671,197382214,6543
3,197382313,197389551,7238
3,197382437,197383588,1151
3,197382437,197383523,1086
3,198386069,198389184,3115
3,198391441,198394748,3307
3,199243711,199251063,7352
3,199246855,199250961,4106
3,199251063,199254758,3695
3,199251063,199254673,3610
3,199251063,199253226,2163
3,199483277,199485406,2129
3,199745907,199746780,873
3,199745907,199746780,873
3,200219433,200220346,913
3,201093809,201094977,1168
3,201185523,201194130,8607
3,201185523,201190036,4513
3,201228249,201229602,1353
3,201228469,201229602,1133
3,201228469,201229602,1133
3,201229602,201230339,737
3,201229602,201231168,1566
3,201250893,201259225,8332
3,201250893,201259057,8164
3,201255962,201258648,2686
3,201256164,201265547,9383
3,201258648,201260762,2114
3,201295925,201304448,8523
3,201296124,201301705,5581
3,201304554,201309933,5379
3,201319917,201329419,9502
3,201932312,201937692,5380
3,202114511,202114642,131
3,202254772,202257119,2347
3,202767355,202768351,996
3,202768369,202777031,8662
3,202832140,202836273,4133
3,202834854,202838416,3562
3,202834973,202840657,5684
3,202835097,202835734,637
3,202835758,202836558,800
3,202838474,202840657,2183
3,204284776,204285505,729
3,204457796,204463186,5390
3,204461044,204463167,2123
3,204461068,204466230,5162
3,204461420,204465043,3623
3,204461420,204466111,4691
3,204463018,204466652,3634
3,204463186,204469240,6054
3,204463767,204466230,2463
3,204464196,204469926,5730
3,204578567,204582759,4192
3,204578806,204583696,4890
3,204578806,204581938,3132
3,204582320,204586937,4617
3,204582759,204592334,9575
3,204585498,204592334,6836
3,204644548,204646717,2169
3,204994023,204998780,4757
3,204994023,204998708,4685
3,205242967,205245233,2266
3,205362919,205364017,1098
3,205362919,205364017,1098
3,205362945,205363922,977
3,205363922,205364494,572
3,205364017,205372991,8974
3,205364764,205365603,839
3,206601618,206604200,2582
3,206601636,206605349,3713
3,206601636,206605245,3609
3,206604200,206605248,1048
3,206605313,206609024,3711
3,206605776,206607738,1962
3,206683061,206690186,7125
3,206684058,206690172,6114
3,206684058,206690180,6122
3,206684058,206690180,6122
3,206684089,206690172,6083
3,206690153,206692486,2333
3,206691111,206692486,1375
3,206752259,206753105,846
3,206943390,206951694,8304
3,206943390,206951694,8304
3,206944106,206951694,7588
3,206951694,206958973,7279
3,207763841,207765981,2140
3,207763841,207765981,2140
3,207763921,207770802,6881
3,207765831,207770802,4971
3,207765981,207771882,5901
3,207765981,207770802,4821
3,207766005,207770802,4797
3,207770802,207772631,1829
3,208033071,208034708,1637
3,208041915,208043937,2022
3,208536730,208543026,6296
3,208536730,208543590,6860
3,208536730,208543115,6385
3,208536730,208543590,6860
3,208538432,208542953,4521
3,209112682,209118280,5598
3,209112682,209118280,5598
3,209112948,209118172,5224
3,209113115,209118172,5057
3,209113115,209118280,5165
3,209113621,209118172,4551
3,209113756,209118280,4524
3,209113756,209118172,4416
3,209113756,209118280,4524
3,209118172,209127275,9103
3,209118280,209127383,9103
3,209138286,209140058,1772
3,209728141,209737087,8946
3,209913121,209917935,4814
3,210263780,210265629,1849
3,210522095,210524650,2555
3,210522095,210530346,8251
3,210522180,210524631,2451
3,210522239,210524724,2485
3,210524671,210526528,1857
3,210524724,210527371,2647
3,210582297,210583219,922
3,210582609,210583814,1205
3,210583961,210586971,3010
3,210672388,210673469,1081
3,210747259,210750571,3312
3,210749273,210757054,7781
3,210750456,210757054,6598
3,210975530,210980324,4794
3,210977033,210980258,3225
3,210977709,210980434,2725
3,210980324,210980434,110
3,211137015,211145809,8794
3,211137015,211142240,5225
3,211137198,211146674,9476
3,211137198,211146674,9476
3,211137198,211142252,5054
3,211137198,211142252,5054
3,211137198,211142252,5054
3,211141323,211146674,5351
3,211141352,211146674,5322
3,211757652,211765068,7416
3,211758241,211764935,6694
3,211758241,211765068,6827
3,211759597,211764935,5338
3,212010624,212019950,9326
3,212015658,212022819,7161
3,212021000,212022819,1819
3,212021003,212023887,2884
3,212022860,212029091,6231
3,212023843,212027229,3386
3,212687111,212692071,4960
3,212687139,212692175,5036
3,212687139,212689661,2522
3,212689661,212691781,2120
3,212691781,212701292,9511
3,212696498,212701394,4896
3,213390029,213397487,7458
3,213390029,213394752,4723
3,213390029,213397448,7419
3,213390913,213397448,6535
3,213394752,213397487,2735
3,213547721,213548502,781
3,213594116,213597532,3416
3,213594582,213599037,4455
3,213599230,213606994,7764
3,213605579,213607098,1519
3,213774859,213778585,3726
3,213775702,213778585,2883
3,213793964,213795063,1099
3,213798194,213801940,3746
3,213798194,213803780,5586
3,213799924,213804029,4105
3,213801937,213803780,1843
3,214364525,214372809,8284
3,214364677,214374051,9374
3,214364687,214374021,9334
3,214364687,214372610,7923
3,214372061,214372809,748
3,214475161,214476651,1490
3,214476043,214480125,4082
3,214476651,214486045,9394
3,214476682,214486045,9363
3,214476682,214485987,9305
3,214476714,214486045,9331
3,214748216,214751393,3177
3,214900025,214902774,2749
3,215087804,215088540,736
3,215373714,215380538,6824
3,215373768,215380499,6731
3,215373768,215380459,6691
3,215432758,215436772,4014
3,215467462,215470071,2609
3,215467667,215474964,7297
3,215470071,215472129,2058
3,215471105,215475840,4735
3,215471247,215472129,882
3,215471266,215479000,7734
3,215472129,215475112,2983
3,215472129,215474964,2835
3,215475526,215479018,3492
3,215758011,215764683,6672
3,215758581,215763348,4767
3,215758581,215764683,6102
3,215932242,215932467,225
3,216255370,216257324,1954
3,216472363,216474780,2417
3,216472370,216477959,5589
3,216472370,216479386,7016
3,216472415,216479386,6971
3,216472493,216474686,2193
3,216473029,216477959,4930
3,216474686,216477959,3273
3,216475026,216483643,8617
3,216477959,216483643,5684
3,216523243,216527900,4657
3,216877792,216884221,6429
3,216986418,216990769,4351
3,216987631,216988858,1227
3,217096387,217097006,619
3,217096981,217098684,1703
3,217096981,217098682,1701
3,217292815,217293944,1129
3,217456900,217462913,6013
3,217456900,217462913,6013
3,217456918,217462887,5969
3,217457070,217462887,5817
3,217461010,217462913,1903
3,217462427,217463584,1157
3,217462913,217463708,795
3,217462998,217463693,695
3,217558124,217559807,1683
3,217563564,217572770,9206
3,217563567,217572131,8564
3,217563567,217572130,8563
3,217572117,217572648,531
3,217657821,217665863,8042
3,217657855,217662654,4799
3,217657855,217666016,8161
3,217662634,217666016,3382
3,217662654,217666833,4179
3,217662690,217669761,7071
3,217662690,217666793,4103
3,217665863,217666793,930
3,217666016,217669646,3630
3,217666016,217670225,4209
3,217666848,217669761,2913
3,217669669,217670225,556
3,217694579,217694854,275
3,217936448,217944578,8130
3,217939362,217944578,5216
3,218180437,218188068,7631
3,218181942,218190247,8305
3,218181942,218188301,6359
3,218185362,218188236,2874
3,218187234,218188068,834
3,218187234,218188068,834
3,218187234,218188301,1067
3,218187859,218188068,209
3,218188068,218190266,2198
3,218188188,218188236,48
3,218188236,218190266,2030
3,218188236,218190266,2030
3,218188301,218190542,2241
3,218188301,218190542,2241
3,218188795,218190266,1471
3,218323765,218323933,168
3,219180829,219182405,1576
3,219180884,219182730,1846
3,219182186,219182730,544
3,219183047,219185422,2375
3,219183195,219185422,2227
3,219183489,219184255,766
3,219184789,219190641,5852
3,219184833,219190645,5812
3,219398419,219400298,1879
3,219398419,219400298,1879
3,219398419,219400427,2008
3,219486031,219489075,3044
3,219575070,219577991,2921
3,219575881,219577761,1880
3,219575881,219577848,1967
3,219575881,219577761,1880
3,219739785,219745651,5866
3,219739817,219745651,5834
3,220641054,220650523,9469
3,220650523,220655781,5258
3,220678271,220678724,453
3,220845226,220851876,6650
3,220845286,220851876,6590
3,220845286,220852735,7449
3,220849529,220855248,5719
3,220849529,220855248,5719
3,220849529,220857405,7876
3,220849580,220852755,3175
3,220849580,220855248,5668
3,220851807,220855248,3441
3,220851907,220855248,3341
3,220853232,220855063,1831
3,220853232,220857509,4277
3,221302211,221308770,6559
3,221347980,221348340,360
3,221539089,221540754,1665
3,221539089,221540818,1729
3,221539089,221540818,1729
3,221540110,221547197,7087
3,221557531,221559851,2320
3,221557533,221561063,3530
3,221558796,221561063,2267
3,221558796,221562161,3365
3,221558796,221562161,3365
3,221558877,221566193,7316
3,221559105,221562641,3536
3,221559105,221561067,1962
3,221559226,221566246,7020
3,221561063,221566246,5183
3,221561067,221562641,1574
3,221562162,221569315,7153
3,221562183,221566246,4063
3,221572777,221581517,8740
3,221608071,221612920,4849
3,221682479,221689539,7060
3,221682479,221687465,4986
3,221687465,221689539,2074
3,221687525,221694790,7265
3,221687543,221694790,7247
3,221687543,221694790,7247
3,221687543,221689539,1996
3,221689539,221694790,5251
3,221915036,221923284,8248
3,221915036,221923284,8248
3,221915060,221923202,8142
3,221915993,221923205,7212
3,222480418,222484594,4176
3,222480418,222483204,2786
3,222483204,222484662,1458
3,222483204,222484479,1275
3,222584293,222586418,2125
3,222584293,222586275,1982
3,222730247,222732367,2120
3,223086761,223090786,4025
3,223086761,223089203,2442
3,223089043,223090786,1743
3,223089043,223090874,1831
3,223089203,223091189,1986
3,223089203,223090786,1583
3,223307635,223310403,2768
3,223307865,223310394,2529
3,223536115,223539156,3041
3,223536115,223540067,3952
3,223536614,223539156,2542
3,223536790,223538984,2194
3,223738296,223745052,6756
3,223744818,223752237,7419
3,223749481,223756485,7004
3,223757121,223764039,6918
3,223987125,223996127,9002
3,223987642,223994817,7175
3,223990164,223996288,6124
3,223990164,223996216,6052
3,223990319,223996127,5808
3,223994800,223996885,2085
3,223994800,223996885,2085
3,223994800,224001544,6744
3,223994817,223996216,1399
3,223994817,223996101,1284
3,223994849,224003017,8168
3,223996155,224001586,5431
3,223996895,224003830,6935
3,223996895,224001585,4690
3,224156246,224165331,9085
3,224165225,224168009,2784
3,224165450,224168535,3085
3,224166794,224168535,1741
3,224167844,224168535,691
3,224485423,224494843,9420
3,224485423,224494483,9060
3,224487981,224494843,6862
3,224488859,224494843,5984
3,224675769,224676723,954
3,224932467,224940364,7897
3,224932467,224940443,7976
3,224934587,224940364,5777
3,225119604,225123825,4221
3,225337805,225342481,4676
3,225343071,225347259,4188
3,225343099,225347259,4160
3,225347237,225354594,7357
3,225349141,225354594,5453
3,225453553,225458547,4994
3,225825005,225831171,6166
3,226764941,226774018,9077
3,226765121,226769906,4785
3,226765160,226774036,8876
3,226769906,226774018,4112
3,226769906,226774036,4130
3,226770702,226774036,3334
3,226770702,226774036,3334
3,226806555,226807153,598
3,226806814,226808659,1845
3,226819522,226822458,2936
3,226819522,226823826,4304
3,226819522,226822476,2954
3,226819522,226822463,2941
3,226971429,226979511,8082
3,226971429,226979749,8320
3,226975592,226979511,3919
3,226975720,226979579,3859
3,226976039,226979749,3710
3,226976039,226979749,3710
3,226976039,226979749,3710
3,227083543,227087162,3619
3,227084279,227087108,2829
3,227086298,227087229,931
3,227190155,227199440,9285
3,227190155,227199609,9454
3,227192061,227195123,3062
3,227193107,227195123,2016
3,227193157,227194497,1340
3,227193511,227194497,986
3,227225330,227227556,2226
3,227225330,227227168,1838
3,227225457,227227556,2099
3,227225460,227227168,1708
3,227273474,227279385,5911
3,227273474,227274507,1033
3,227279385,227281351,1966
3,227395918,227396461,543
3,227396461,227396792,331
3,227426262,227434317,8055
3,227426793,227434557,7764
3,227763060,227764916,1856
3,227824614,227827542,2928
3,228374852,228376981,2129
3,229034695,229034915,220
3,229084876,229090592,5716
3,229247211,229252209,4998
3,229247257,229253208,5951
3,229247257,229253208,5951
3,229303244,229308100,4856
3,229303244,229309532,6288
3,229382797,229386806,4009
3,229421911,229422443,532
3,229554307,229563589,9282
3,229572367,229573098,731
3,229573946,229583250,9304
3,229575253,229583250,7997
3,229579901,229584758,4857
3,229585056,229586915,1859
3,229982794,229992268,9474
3,230512059,230514904,2845
3,230526243,230527723,1480
4,691476,695228,3752
4,764261,765187,926
4,764537,765187,650
4,764590,765187,597
4,764597,765250,653
4,828259,830867,2608
4,828259,830867,2608
4,828312,830867,2555
4,828429,830867,2438
4,830867,833682,2815
4,831123,834460,3337
4,831182,832822,1640
4,832822,834460,1638
4,832822,834460,1638
4,832891,834034,1143
4,832891,834460,1569
4,832891,837427,4536
4,834030,841793,7763
4,834030,840788,6758
4,837716,840788,3072
4,908622,910126,1504
4,908622,910078,1456
4,913104,914201,1097
4,1046243,1046471,228
4,1063393,1067867,4474
4,1063393,1066323,2930
4,1063393,1069364,5971
4,1063541,1067867,4326
4,1220428,1222713,2285
4,1252276,1255835,3559
4,1252276,1255996,3720
4,1254478,1254610,132
4,1295378,1295676,298
4,1457984,1461149,3165
4,1464250,1473016,8766
4,2027880,2030942,3062
4,2027880,2037580,9700
4,2027880,2030942,3062
4,2027937,2030942,3005
4,2027937,2030942,3005
4,2027937,2030942,3005
4,2045645,2051179,5534
4,2046263,2046604,341
4,2046263,2048002,1739
4,2404323,2409519,5196
4,2422293,2424842,2549
4,2435370,2435743,373
4,2472150,2481364,9214
4,2481364,2487687,6323
4,2483418,2487505,4087
4,2511867,2512944,1077
4,2511921,2512944,1023
4,2511969,2512944,975
4,2512830,2519215,6385
4,2512842,2519155,6313
4,2512944,2516639,3695
4,2512944,2516583,3639
4,2512944,2516608,3664
4,2512944,2514854,1910
4,2512958,2514854,1896
4,2512958,2516608,3650
4,2514646,2519155,4509
4,2514652,2516608,1956
4,2514727,2519215,4488
4,2514727,2519384,4657
4,2514854,2516583,1729
4,2514900,2516608,1708
4,2516608,2520278,3670
4,2516681,2519289,2608
4,2625138,2626258,1120
4,2650794,2652806,2012
4,2654243,2660200,5957
4,2654351,2660235,5884
4,2654425,2660200,5775
4,2660200,2667684,7484
4,2660235,2667684,7449
4,2660235,2667684,7449
4,2681214,2690714,9500
4,2763146,2767078,3932
4,2763151,2763778,627
4,2763151,2763778,627
4,2763778,2764855,1077
4,2765576,2770867,5291
4,2831256,2839163,7907
4,2852591,2855395,2804
4,2852606,2855350,2744
4,3251164,3256740,5576
4,3251187,3261006,9819
4,3251187,3256755,5568
4,3256740,3266448,9708
4,3256740,3260999,4259
4,3256740,3260999,4259
4,3256755,3266392,9637
4,3260709,3266392,5683
4,3261014,3266450,5436
4,3261014,3267430,6416
4,3460763,3463957,3194
4,3460811,3468398,7587
4,3460914,3468398,7484
4,3461114,3468443,7329
4,3465449,3474204,8755
4,3465532,3474283,8751
4,3465532,3474204,8672
4,3465532,3474249,8717
4,3468443,3474204,5761
4,3468443,3474249,5806
4,3474204,3477800,3596
4,3474204,3482967,8763
4,3474249,3483222,8973
4,3474283,3482967,8684
4,3600654,3601107,453
4,3743191,3746503,3312
4,3744251,3746553,2302
4,4055982,4060764,4782
4,4055982,4059018,3036
4,4055982,4060896,4914
4,4055982,4064478,8496
4,4059018,4060764,1746
4,4060896,4063161,2265
4,4060899,4062559,1660
4,4062543,4063177,634
4,4062543,4064967,2424
4,4062609,4064967,2358
4,4205221,4211204,5983
4,4475288,4477538,2250
4,4475445,4481835,6390
4,4861632,4866237,4605
4,4996107,5005669,9562
4,4996107,5005669,9562
4,4997514,5005845,8331
4,5001686,5005475,3789
4,5001740,5005512,3772
4,5005475,5006685,1210
4,5005475,5007609,2134
4,5005482,5009568,4086
4,5005512,5007640,2128
4,5005708,5007646,1938
4,5005742,5009568,3826
4,5006441,5009568,3127
4,5006552,5009568,3016
4,5006552,5009568,3016
4,5006552,5007646,1094
4,5007087,5011927,4840
4,5007471,5009568,2097
4,5007471,5007646,175
4,5007646,5009568,1922
4,5009568,5010525,957
4,5037458,5040922,3464
4,5037458,5041209,3751
4,5041182,5041547,365
4,5197054,5197989,935
4,5197429,5198966,1537
4,5237278,5238963,1685
4,5238559,5238963,404
4,5239010,5245762,6752
4,5239048,5245762,6714
4,5245762,5247188,1426
4,5255816,5265813,9997
4,5262031,5266497,4466
4,5262031,5266497,4466
4,5265813,5267959,2146
4,5266244,5268927,2683
4,5266269,5266515,246
4,5266269,5268065,1796
4,5266497,5268927,2430
4,5266497,5267959,1462
4,5266525,5267959,1434
4,5367359,5370457,3098
4,5367359,5370457,3098
4,5367359,5370457,3098
4,5370273,5379105,8832
4,5370457,5379105,8648
4,5406582,5410392,3810
4,5406854,5406902,48
4,5822474,5824500,2026
4,5959071,5959735,664
4,5959786,5969205,9419
4,5979775,5985108,5333
4,6095449,6099293,3844
4,6109399,6110119,720
4,6233708,6243642,9934
4,6598081,6601920,3839
4,6601218,6601708,490
4,6601989,6603477,1488
4,6601989,6603038,1049
4,6601989,6603008,1019
4,6998623,7007862,9239
4,6998623,7008433,9810
4,7008437,7010260,1823
4,7010197,7018149,7952
4,7010197,7016419,6222
4,7010260,7016419,6159
4,7010260,7016419,6159
4,7010265,7016419,6154
4,7010265,7016419,6154
4,7011035,7016419,5384
4,7011035,7016419,5384
4,7011175,7016419,5244
4,7165785,7173997,8212
4,7256493,7261931,5438
4,7256504,7263858,7354
4,7263873,7270397,6524
4,9732725,9741902,9177
4,9732725,9741902,9177
4,9732727,9741918,9191
4,9732943,9741909,8966
4,9732943,9742021,9078
4,9733184,9741874,8690
4,10025154,10033504,8350
4,10025163,10032048,6885
4,10033504,10034341,837
4,10181124,10181232,108
4,10214560,10217782,3222
4,10214560,10224381,9821
4,10214560,10217782,3222
4,10214560,10216335,1775
4,10214560,10217782,3222
4,10214560,10217183,2623
4,10214560,10216314,1754
4,10214560,10220481,5921
4,10214560,10217782,3222
4,10214560,10216379,1819
4,10214560,10216314,1754
4,10214560,10217782,3222
4,10214560,10217782,3222
4,10214560,10224381,9821
4,10214560,10219164,4604
4,10214560,10217782,3222
4,10214560,10217782,3222
4,10214560,10217782,3222
4,10214560,10217782,3222
4,10214611,10217782,3171
4,10216314,10224381,8067
4,10216314,10220118,3804
4,10216377,10224381,8004
4,10216377,10224381,8004
4,10216377,10224381,8004
4,10216377,10220481,4104
4,10216379,10224381,8002
4,10216379,10224381,8002
4,10217574,10220481,2907
4,10217574,10219164,1590
4,10217782,10224381,6599
4,10217782,10224381,6599
4,10217782,10224381,6599
4,10217782,10224381,6599
4,10217782,10224381,6599
4,10217782,10224381,6599
4,10217782,10220481,2699
4,10217782,10224381,6599
4,10217782,10224381,6599
4,10217782,10224381,6599
4,10217782,10224381,6599
4,10217782,10224381,6599
4,10217782,10224381,6599
4,10217782,10224381,6599
4,10217782,10224381,6599
4,10217782,10224381,6599
4,10217782,10224381,6599
4,10218139,10221305,3166
4,10218140,10224381,6241
4,10218140,10224381,6241
4,10218140,10220481,2341
4,10218140,10221305,3165
4,10218140,10224381,6241
4,10219164,10220098,934
4,10219164,10220098,934
4,10220118,10224381,4263
4,10220118,10224381,4263
4,10220118,10224275,4157
4,10484036,10485884,1848
4,10484226,10485810,1584
4,10597578,10598448,870
4,10598448,10602706,4258
4,10641114,10651080,9966
4,10900638,10906065,5427
4,11254483,11255249,766
4,11643764,11646594,2830
4,11824009,11828786,4777
4,11827538,11836576,9038
4,11827697,11836576,8879
4,11828786,11836688,7902
4,11828786,11836688,7902
4,11828786,11836576,7790
4,11828786,11836688,7902
4,11828786,11836576,7790
4,12779653,12784736,5083
4,12782043,12784352,2309
4,14032594,14041207,8613
4,14034147,14041207,7060
4,14036569,14040580,4011
4,14037384,14040699,3315
4,14037545,14042111,4566
4,14629645,14632354,2709
4,14629645,14632354,2709
4,14629769,14632354,2585
4,14629769,14632822,3053
4,14722385,14729045,6660
4,14722478,14724798,2320
4,14725893,14729024,3131
4,14813835,14819681,5846
4,14857353,14860727,3374
4,16979489,16984229,4740
4,16979489,16984229,4740
4,17332769,17339059,6290
4,17332769,17333531,762
4,17333526,17339059,5533
4,17367071,17375404,8333
4,17500704,17507634,6930
4,17500704,17507634,6930
4,17500754,17505688,4934
4,17501082,17507597,6515
4,17501140,17507634,6494
4,17501152,17505688,4536
4,17505688,17507597,1909
4,17977671,17981763,4092
4,18222183,18223317,1134
4,18222183,18223357,1174
4,18222306,18223317,1011
4,18370385,18371260,875
4,18574234,18575634,1400
4,18574328,18581282,6954
4,18574328,18581282,6954
4,18574380,18575634,1254
4,18575634,18582829,7195
4,20398648,20406000,7352
4,20510395,20513715,3320
4,21583009,21584376,1367
4,21583426,21584505,1079
4,21583426,21584376,950
4,22142236,22143376,1140
4,22981306,22984123,2817
4,23184606,23189354,4748
4,23524515,23529972,5457
4,25980435,25980905,470
4,25980763,25990465,9702
4,25980763,25981536,773
4,25981441,25990465,9024
4,25981619,25984599,2980
4,25984599,25991604,7005
4,26285166,26293992,8826
4,26285166,26293992,8826
4,26285166,26285375,209
4,26285166,26294106,8940
4,26285325,26294033,8708
4,26285325,26294106,8781
4,26425920,26428512,2592
4,28115626,28116903,1277
4,28829818,28833846,4028
4,28980799,28982352,1553
4,28980799,28986203,5404
4,31114667,31123010,8343
4,31115492,31121353,5861
4,31567335,31576793,9458
4,31567382,31576793,9411
4,31567549,31576440,8891
4,31576555,31578168,1613
4,31576555,31578168,1613
4,31576793,31578773,1980
4,31577610,31578006,396
4,32687606,32689163,1557
4,33695096,33697490,2394
4,35127369,35133660,6291
4,35127369,35133684,6315
4,35216139,35219657,3518
4,36026673,36029688,3015
4,36041162,36049380,8218
4,36409404,36415463,6059
4,36909997,36914454,4457
4,37098966,37101067,2101
4,38021817,38025955,4138
4,38286439,38288923,2484
4,38286442,38287687,1245
4,38760099,38769816,9717
4,42143646,42150747,7101
4,42143677,42150414,6737
4,44503761,44509228,5467
4,50856759,50856967,208
4,56309194,56312454,3260
4,67019839,67021950,2111
4,67652232,67652409,177
4,68793491,68797075,3584
4,74412189,74413418,1229
4,83571638,83572526,888
4,83572578,83572646,68
4,96311107,96312234,1127
4,125754365,125761718,7353
4,130031697,130033487,1790
4,130569843,130570658,815
4,138153006,138153696,690
4,143078411,143084666,6255
4,143078411,143081708,3297
4,143082830,143087413,4583
4,143377713,143379653,1940
4,145319481,145323546,4065
4,145319481,145322755,3274
4,145319481,145323546,4065
4,145319573,145322755,3182
4,146974737,146977028,2291
4,152407865,152413190,5325
4,153264374,153270147,5773
4,153264374,153270147,5773
4,153520667,153520812,145
4,153535713,153535852,139
4,153838281,153840061,1780
4,153838383,153842359,3976
4,153842359,153847657,5298
4,154166699,154170758,4059
4,155009337,155017225,7888
4,156390817,156396121,5304
4,156390875,156396042,5167
4,156391369,156396122,4753
4,156391999,156396121,4122
4,156511041,156513021,1980
4,156513068,156520657,7589
4,156931980,156932279,299
4,157109037,157117197,8160
4,157114628,157119223,4595
4,157114628,157118207,3579
4,157115411,157118322,2911
4,158133386,158136040,2654
4,160020768,160021520,752
4,160345812,160348350,2538
4,160564527,160566359,1832
4,161036533,161041112,4579
4,161036533,161041112,4579
4,161036533,161041112,4579
4,161036533,161041191,4658
4,161036533,161041025,4492
4,161549832,161551612,1780
4,161906938,161907624,686
4,161907674,161909216,1542
4,161909213,161917557,8344
4,162342548,162345391,2843
4,163198308,163202573,4265
4,163198308,163204164,5856
4,163202143,163203305,1162
4,163395654,163398519,2865
4,163638780,163640871,2091
4,163640455,163641017,562
4,163640455,163647339,6884
4,164087975,164097455,9480
4,164091097,164097531,6434
4,164095276,164097455,2179
4,165638253,165645593,7340
4,165993861,165994332,471
4,165994321,166000580,6259
4,166000939,166004596,3657
4,166866479,166870870,4391
4,166869918,166871041,1123
4,166869918,166871041,1123
4,166870455,166875897,5442
4,166870455,166875897,5442
4,166913344,166913796,452
4,166915122,166923795,8673
4,166915122,166924851,9729
4,167033583,167034652,1069
4,167034810,167039566,4756
4,167071603,167074776,3173
4,167072450,167074060,1610
4,167072450,167074757,2307
4,167082470,167083551,1081
4,167184961,167190821,5860
4,167184961,167190421,5460
4,168738608,168739492,884
4,169547518,169549839,2321
4,169969785,169975250,5465
4,170791843,170799970,8127
4,170791843,170799970,8127
4,170797727,170799970,2243
4,170808112,170809137,1025
4,171547207,171552428,5221
4,171631159,171634218,3059
4,171631172,171634218,3046
4,171631253,171634218,2965
4,171729979,171731886,1907
4,171770291,171771480,1189
4,171771480,171781085,9605
4,171780553,171785279,4726
4,171780554,171785510,4956
4,171785744,171790608,4864
4,171785744,171791604,5860
4,171785744,171791604,5860
4,171785744,171790571,4827
4,171908246,171912556,4310
4,171909018,171912536,3518
4,171909018,171917807,8789
4,171909018,171917807,8789
4,171909018,171912556,3538
4,171909018,171912474,3456
4,171909728,171912536,2808
4,171910981,171919700,8719
4,171912536,171919013,6477
4,171912536,171919700,7164
4,171912540,171919716,7176
4,171912556,171917807,5251
4,171912556,171917807,5251
4,171912556,171917807,5251
4,171912620,171919095,6475
4,171912620,171916924,4304
4,171912620,171919716,7096
4,171916924,171919706,2782
4,172519467,172522983,3516
4,172521762,172522771,1009
4,172676811,172685869,9058
4,172676811,172686030,9219
4,172676914,172685881,8967
4,172678747,172685869,7122
4,172678747,172685869,7122
4,172679543,172687173,7630
4,172679543,172685939,6396
4,172772017,172772604,587
4,172772604,172773941,1337
4,173296183,173300387,4204
4,173296183,173300093,3910
4,173300387,173307382,6995
4,173300387,173309239,8852
4,173300387,173300984,597
4,173300984,173308632,7648
4,173562317,173566897,4580
4,173562337,173564227,1890
4,173629046,173629345,299
4,173792756,173798191,5435
4,173795662,173803963,8301
4,174846130,174850946,4816
4,174846152,174849144,2992
4,174954893,174962412,7519
4,174955159,174965006,9847
4,174955159,174962412,7253
4,174959223,174962847,3624
4,174959272,174961259,1987
4,175218598,175226134,7536
4,175273393,175276105,2712
4,175273393,175279675,6282
4,175273393,175275547,2154
4,175273393,175276247,2854
4,175273393,175276105,2712
4,175275547,175279675,4128
4,175372132,175380551,8419
4,175373216,175376501,3285
4,177039003,177045379,6376
4,177057265,177061382,4117
4,177057391,177060953,3562
4,177122337,177124548,2211
4,177323406,177328722,5316
4,177323436,177328912,5476
4,177323621,177326192,2571
4,177323621,177328638,5017
4,177324681,177328722,4041
4,177340455,177343599,3144
4,177343645,177350764,7119
4,177343645,177350804,7159
4,177439323,177440568,1245
4,177439323,177447451,8128
4,177581832,177584862,3030
4,177581832,177584862,3030
4,177636230,177642955,6725
4,177638016,177642955,4939
4,177646819,177648823,2004
4,177653288,177658826,5538
4,178137691,178146722,9031
4,178138443,178145507,7064
4,178380239,178381572,1333
4,178380239,178387962,7723
4,178380239,178387933,7694
4,178380448,178385815,5367
4,178380483,178386487,6004
4,178381599,178386211,4612
4,178381599,178387962,6363
4,178494117,178502050,7933
4,178571821,178574733,2912
4,178571842,178581383,9541
4,178585172,178593622,8450
4,178585172,178593622,8450
4,178585301,178593587,8286
4,178587678,178593622,5944
4,178735592,178736687,1095
4,178748066,178750970,2904
4,178751067,178754150,3083
4,178751067,178757341,6274
4,178751067,178757912,6845
4,178751067,178757912,6845
4,179617270,179619239,1969
4,179651222,179660716,9494
4,179660716,179661800,1084
4,179786863,179793745,6882
4,179786865,179793461,6596
4,180199431,180200541,1110
4,180199432,180203599,4167
4,180202249,180203599,1350
4,180202249,180202863,614
4,180202249,180207080,4831
4,180268807,180272142,3335
4,180433582,180440664,7082
4,180544607,180546156,1549
4,180892264,180897360,5096
4,181868532,181871621,3089
4,181868532,181871621,3089
4,181868532,181876092,7560
4,181868532,181874657,6125
4,181868532,181871621,3089
4,181874657,181879262,4605
4,181874657,181877585,2928
4,181876075,181879248,3173
4,181876204,181879262,3058
4,181876417,181876759,342
4,181876674,181877387,713
4,181876759,181879262,2503
4,181877387,181880033,2646
4,181879248,181889201,9953
4,181879248,181889187,9939
4,181879248,181888271,9023
4,181890260,181892081,1821
4,181890642,181891755,1113
4,182005682,182010169,4487
4,182291610,182297409,5799
4,182295934,182297369,1435
4,183597237,183598269,1032
4,183733487,183735347,1860
4,183736549,183740207,3658
4,183909652,183912882,3230
4,183910257,183912882,2625
4,183912882,183920114,7232
4,183921852,183929325,7473
4,183929501,183933690,4189
4,184159915,184162030,2115
4,184159915,184162030,2115
4,184160893,184164378,3485
4,184848522,184854234,5712
4,184848522,184852974,4452
4,184848522,184857626,9104
4,185181481,185190189,8708
4,185186123,185189324,3201
4,185190189,185194762,4573
4,185309050,185315812,6762
4,185383472,185387899,4427
4,185491844,185493837,1993
4,185566354,185568335,1981
4,185566366,185571853,5487
4,185641112,185648936,7824
4,185690242,185696771,6529
4,185759443,185760898,1455
4,186592324,186596840,4516
4,186942401,186951239,8838
4,187356095,187362303,6208
4,187356194,187362303,6109
4,187356333,187362306,5973
4,187412299,187418754,6455
4,187412732,187421179,8447
4,187450147,187450606,459
4,188874274,188875873,1599
4,188874342,188876211,1869
4,188874342,188876233,1891
4,188874680,188877625,2945
4,188875873,188877625,1752
4,189897223,189903585,6362
4,189899133,189903603,4470
4,189899133,189903603,4470
4,189900822,189904490,3668
4,193344522,193346115,1593
4,195004416,195010454,6038
4,195624120,195625863,1743
4,195790487,195798203,7716
4,196808595,196812317,3722
4,196819641,196824007,4366
4,198077141,198085720,8579
4,198078755,198079415,660
4,198079303,198082028,2725
4,198079812,198085567,5755
4,198082028,198085567,3539
4,198131982,198135375,3393
4,198561759,198565168,3409
4,198561759,198566276,4517
4,198997008,199000265,3257
4,199215306,199216364,1058
4,199216364,199218989,2625
4,200030770,200034104,3334
4,200141994,200143414,1420
4,200314650,200324575,9925
4,200314748,200318953,4205
4,202224479,202226577,2098
4,202886932,202887625,693
4,203816623,203821068,4445
4,204124722,204125865,1143
4,207978028,207979980,1952
4,211042784,211047158,4374
4,211045950,211047236,1286
4,211533441,211534199,758
4,211533801,211534199,398
4,218997077,219002495,5418
4,224048022,224049633,1611
4,224048022,224049633,1611
4,226616697,226619845,3148
4,226618088,226621097,3009
4,227888640,227889791,1151
4,227888640,227889467,827
4,228622742,228632475,9733
4,228623100,228632475,9375
4,228623100,228632433,9333
4,228623517,228632475,8958
4,228623542,228626317,2775
4,228623542,228626317,2775
4,228642233,228643840,1607
4,229316524,229323286,6762
4,229337654,229342200,4546
4,229342112,229349149,7037
4,229342201,229349149,6948
4,229342209,229349141,6932
4,229733591,229739910,6319
4,229843591,229846860,3269
4,230347421,230350765,3344
4,230755804,230756875,1071
4,231034089,231034928,839
4,231135282,231138050,2768
4,231406020,231411874,5854
4,231406020,231410652,4632
4,231406733,231410652,3919
4,231406733,231410652,3919
4,231406976,231411365,4389
4,231410652,231411889,1237
4,231493510,231497125,3615
4,231499894,231509524,9630
4,231509147,231515775,6628
4,231509524,231515618,6094
4,231961315,231963989,2674
4,232928225,232932551,4326
4,232928225,232930052,1827
4,232930045,232933115,3070
4,232930052,232932550,2498
4,232930081,232932653,2572
4,232930323,232932653,2330
4,232930323,232932551,2228
4,232930323,232932653,2330
4,232932551,232932653,102
4,233203593,233209580,5987
4,233215952,233225172,9220
4,233263862,233271110,7248
4,233988520,233992794,4274
4,234054740,234056800,2060
4,234112231,234114067,1836
4,234112231,234119429,7198
4,234113442,234116507,3065
4,234113867,234116602,2735
4,234114365,234116323,1958
4,234340575,234342108,1533
4,234351155,234358063,6908
4,234353966,234358063,4097
4,234391930,234398448,6518
4,234397004,234405087,8083
4,234398540,234405243,6703
4,234398837,234405087,6250
4,234398840,234401297,2457
4,234398952,234401125,2173
4,234398959,234405073,6114
4,234398959,234405087,6128
4,234401125,234403254,2129
4,234401125,234405243,4118
4,234401297,234405741,4444
4,234401732,234405073,3341
4,234401732,234405073,3341
4,234401762,234405087,3325
4,234403246,234405073,1827
4,234403254,234405087,1833
4,234403254,234408047,4793
4,234403254,234405087,1833
4,234405073,234412554,7481
4,234405087,234408047,2960
4,234405863,234412304,6441
4,234412554,234420909,8355
4,234412554,234420909,8355
4,234419646,234420710,1064
4,234419646,234420909,1263
4,234603339,234607076,3737
4,234605588,234606221,633
4,234651025,234653709,2684
4,234651025,234653907,2882
4,234651025,234653907,2882
4,234687666,234688699,1033
4,234687666,234688851,1185
4,234713099,234722841,9742
4,234713397,234722841,9444
4,234714733,234720957,6224
4,234721080,234722841,1761
4,234908650,234917446,8796
4,234908650,234913962,5312
4,234908650,234913476,4826
4,234911733,234913921,2188
4,234911779,234913476,1697
4,234913921,234917446,3525
4,234913962,234917446,3484
4,235202179,235210936,8757
4,235202179,235202921,742
4,235202194,235210699,8505
4,235326596,235333677,7081
4,235326596,235333677,7081
4,235455111,235456295,1184
4,235601587,235610934,9347
4,235601592,235606521,4929
4,235601592,235606521,4929
4,235601656,235606521,4865
4,235718928,235724065,5137
4,235719658,235728616,8958
4,235719658,235728616,8958
4,235719658,235726105,6447
4,235719658,235728616,8958
4,235720088,235728616,8528
4,235722188,235724065,1877
4,235722199,235726497,4298
4,235728616,235738612,9996
4,236082285,236088429,6144
4,236393029,236394828,1799
4,236393625,236402268,8643
4,236393647,236395350,1703
4,236412463,236414097,1634
4,236412466,236414097,1631
4,236476309,236479063,2754
4,236478891,236483020,4129
4,236569408,236571606,2198
4,236569462,236571592,2130
4,236571592,236571997,405
4,236571592,236574581,2989
4,236728065,236731811,3746
4,236879237,236885594,6357
4,236885670,236886105,435
4,236885682,236888879,3197
4,236918920,236927698,8778
4,236919168,236927702,8534
4,236919168,236927501,8333
4,236919168,236927527,8359
4,236950283,236951909,1626
4,236952511,236962464,9953
4,236952511,236962464,9953
4,236952558,236962541,9983
4,236952558,236962557,9999
4,236952864,236962541,9677
4,236952864,236962464,9600
4,236952864,236962464,9600
4,236952864,236962464,9600
4,236962569,236966225,3656
4,237031303,237033402,2099
4,237034276,237042597,8321
4,237138605,237142460,3855
4,237138605,237142440,3835
4,237138605,237146983,8378
4,237138605,237146161,7556
4,237138605,237146050,7445
4,237140270,237149414,9144
4,237141905,237149414,7509
4,237141905,237146050,4145
4,237141905,237149414,7509
4,237141908,237142440,532
4,237142440,237146161,3721
4,237142440,237144905,2465
4,237142440,237149414,6974
4,237142451,237146983,4532
4,237142460,237148829,6369
4,237142623,237146050,3427
4,237142889,237149414,6525
4,237142889,237148829,5940
4,237142889,237146295,3406
4,237146054,237149414,3360
4,237146054,237149414,3360
4,237146161,237149023,2862
4,237146287,237148829,2542
4,237146983,237149414,2431
4,237315649,237321796,6147
4,237315747,237322475,6728
4,237318180,237320604,2424
4,237318181,237320469,2288
4,237441289,237443882,2593
4,237443729,237450655,6926
4,237488796,237498009,9213
4,237498009,237505232,7223
4,237498009,237498302,293
4,237499145,237508762,9617
4,237499145,237503815,4670
4,237499145,237505232,6087
4,237500826,237505232,4406
4,237500868,237503060,2192
4,237500868,237508628,7760
4,237500889,237503707,2818
4,237500889,237503707,2818
4,237500908,237503707,2799
4,237503063,237503815,752
4,237503700,237508697,4997
4,237503707,237505232,1525
4,237503707,237508628,4921
4,237503960,237505260,1300
4,237503990,237508614,4624
4,237505232,237508697,3465
4,237508636,237518568,9932
4,237508762,237517566,8804
4,237508762,237517566,8804
4,237508792,237517566,8774
4,237511828,237517605,5777
4,237511828,237517566,5738
4,237511828,237517566,5738
4,237517605,237522348,4743
4,237601384,237608512,7128
4,237601384,237610635,9251
4,237601394,237610360,8966
4,237601394,237608512,7118
4,237601394,237608512,7118
4,237608512,237614846,6334
4,237610360,237611655,1295
4,237687561,237693250,5689
4,237687969,237693250,5281
4,237767576,237775969,8393
4,237767757,237776709,8952
4,237773416,237776678,3262
4,237773416,237776532,3116
4,237774309,237776709,2400
4,237775969,237776678,709
4,237776709,237777456,747
4,237953163,237953890,727
4,238049548,238056431,6883
4,238049761,238056221,6460
4,238056221,238056431,210
4,238115681,238121263,5582
4,238115771,238121263,5492
4,238218841,238224270,5429
4,238218858,238222731,3873
4,238218859,238224658,5799
4,238219125,238224658,5533
4,238226008,238229630,3622
4,238226008,238227895,1887
4,238296201,238297955,1754
4,238296222,238298871,2649
4,238296222,238305863,9641
4,238297339,238305863,8524
4,238298000,238298891,891
4,238298000,238305863,7863
4,238298871,238306017,7146
4,238298878,238305863,6985
4,238306941,238316630,9689
4,238308106,238316630,8524
4,238316486,238316630,144
4,238316674,238325280,8606
4,238356664,238356952,288
4,238357132,238361725,4593
4,238428744,238435648,6904
4,238759342,238762310,2968
4,238760792,238767685,6893
4,238985463,238994614,9151
4,239093375,239094859,1484
4,239093375,239094859,1484
4,239093429,239097526,4097
4,239094859,239097485,2626
4,239140819,239146560,5741
4,239140819,239146550,5731
4,239140821,239146560,5739
4,239140961,239146560,5599
4,239141190,239146512,5322
4,239141308,239146510,5202
4,239141308,239146560,5252
4,239141479,239146510,5031
4,239156397,239157737,1340
4,239207119,239209522,2403
4,239208293,239209405,1112
4,239323146,239329005,5859
4,239340892,239343387,2495
4,239340892,239349380,8488
4,239340934,239349380,8446
4,239340934,239343287,2353
4,239410495,239413455,2960
4,239410495,239419710,9215
4,239410495,239419710,9215
4,239410510,239419714,9204
4,239410627,239419710,9083
4,239413440,239413675,235
4,239413509,239416884,3375
4,239413509,239419714,6205
4,239413714,239416923,3209
4,239416884,239423799,6915
4,239416884,239423924,7040
4,239419710,239423799,4089
4,239419720,239423799,4079
4,239420410,239423924,3514
4,239436904,239440914,4010
4,239436904,239440903,3999
4,239437836,239440808,2972
4,239437836,239440659,2823
4,239440601,239441027,426
4,239477645,239480549,2904
4,239624878,239627328,2450
4,239641342,239641848,506
4,239683313,239683622,309
4,239683641,239685046,1405
4,239683641,239687947,4306
4,239683641,239690909,7268
4,239683666,239685046,1380
4,239683672,239685031,1359
4,239685027,239690808,5781
4,239685027,239687947,2920
4,239685039,239687947,2908
4,239685039,239690808,5769
4,239790539,239792076,1537
4,239792076,239797068,4992
4,239792076,239797119,5043
4,239797119,239803170,6051
4,239933755,239934809,1054
4,239933758,239934749,991
4,239933826,239935958,2132
4,239933826,239935958,2132
4,240033818,240036459,2641
4,240037295,240046968,9673
4,240037392,240045270,7878
4,240038176,240043194,5018
4,240039074,240046968,7894
4,240039074,240046968,7894
4,240041298,240044391,3093
4,240044139,240050182,6043
4,240045270,240046968,1698
4,240045270,240050156,4886
4,240045270,240046968,1698
4,240045270,240046968,1698
4,240046968,240052999,6031
4,240046968,240050182,3214
4,240105218,240106225,1007
4,240106408,240113300,6892
4,240106513,240113300,6787
4,240227294,240237074,9780
4,240412310,240414579,2269
4,240444689,240450218,5529
4,240446888,240450218,3330
4,240450218,240458829,8611
4,240450313,240458829,8516
4,240458858,240467004,8146
5,755389,756522,1133
5,755389,756534,1145
5,914883,917358,2475
5,914923,919912,4989
5,919911,921468,1557
5,939260,943924,4664
5,1042953,1051353,8400
5,1043391,1051360,7969
5,1061190,1062860,1670
5,1326078,1333366,7288
5,1527000,1533483,6483
5,1527581,1531680,4099
5,1527581,1531720,4139
5,1528403,1533483,5080
5,1528523,1533483,4960
5,1528523,1537625,9102
5,1531680,1538229,6549
5,1531680,1533483,1803
5,1533483,1539994,6511
5,1536367,1545880,9513
5,1536367,1538226,1859
5,1537625,1538374,749
5,1537625,1538374,749
5,1537625,1545967,8342
5,1538244,1539815,1571
5,1538374,1539994,1620
5,1538374,1539994,1620
5,1538382,1547897,9515
5,1538383,1543294,4911
5,1539110,1543294,4184
5,1539110,1543294,4184
5,1539110,1545880,6770
5,1539110,1539815,705
5,1539715,1543294,3579
5,1539815,1547897,8082
5,1539815,1545880,6065
5,1539815,1545967,6152
5,1539815,1545967,6152
5,1539815,1545880,6065
5,1539815,1545967,6152
5,1539815,1543294,3479
5,1539815,1545880,6065
5,1544026,1545880,1854
5,1544026,1546459,2433
5,1544026,1545967,1941
5,1544026,1551685,7659
5,1546459,1551624,5165
5,1568110,1572707,4597
5,1678610,1680225,1615
5,1680221,1683503,3282
5,1680221,1683514,3293
5,1680225,1683499,3274
5,1726939,1731882,4943
5,1728060,1731882,3822
5,1728060,1731882,3822
5,1728060,1731882,3822
5,1728060,1731882,3822
5,1728060,1730125,2065
5,1728060,1730125,2065
5,1728097,1731882,3785
5,1843709,1846569,2860
5,1872923,1873932,1009
5,1873025,1873932,907
5,1873901,1879074,5173
5,1895033,1896830,1797
5,1895354,1896830,1476
5,1895354,1896830,1476
5,2111259,2119690,8431
5,2111329,2119729,8400
5,2111329,2121037,9708
5,2111329,2120710,9381
5,2111329,2119684,8355
5,2119729,2123765,4036
5,2119729,2119981,252
5,2119981,2123765,3784
5,2119981,2123765,3784
5,2120268,2121037,769
5,2139954,2148538,8584
5,2139954,2147566,7612
5,2144006,2147943,3937
5,2144006,2148416,4410
5,2144006,2148848,4842
5,2144016,2148864,4848
5,2250736,2255222,4486
5,2250736,2255222,4486
5,2250736,2256600,5864
5,2250736,2256600,5864
5,2251282,2255222,3940
5,2251282,2260025,8743
5,2251282,2259980,8698
5,2251282,2255222,3940
5,2251289,2259969,8680
5,2251793,2255222,3429
5,2251793,2255222,3429
5,2251793,2255222,3429
5,2256600,2260025,3425
5,2266338,2275376,9038
5,2267980,2272842,4862
5,2267980,2276778,8798
5,2269662,2276493,6831
5,2269815,2276778,6963
5,2269872,2276493,6621
5,2269898,2275641,5743
5,2275375,2283974,8599
5,2275375,2283935,8560
5,2275376,2283945,8569
5,2283945,2289840,5895
5,2298984,2308891,9907
5,2308891,2317798,8907
5,2308891,2315057,6166
5,2308891,2317798,8907
5,2310249,2315464,5215
5,2310249,2315464,5215
5,2315464,2323690,8226
5,2315476,2323739,8263
5,2315511,2317814,2303
5,2317814,2327063,9249
5,2317826,2323700,5874
5,2317834,2322687,4853
5,2321116,2323690,2574
5,2321116,2323390,2274
5,2323641,2326876,3235
5,2323690,2333275,9585
5,2326876,2334317,7441
5,2333275,2337398,4123
5,2334317,2337398,3081
5,2336298,2340866,4568
5,2336450,2340866,4416
5,2338826,2340866,2040
5,2359292,2363467,4175
5,2359321,2363467,4146
5,2359326,2363706,4380
5,2360604,2363467,2863
5,2363467,2364980,1513
5,2363706,2364319,613
5,2537993,2538632,639
5,2593851,2603105,9254
5,2593851,2601110,7259
5,2923678,2925954,2276
5,2923678,2925196,1518
5,3091476,3100354,8878
5,3091476,3100842,9366
5,3320961,3325644,4683
5,3323394,3326524,3130
5,3326524,3329283,2759
5,3326625,3335517,8892
5,3326800,3327629,829
5,3327629,3335184,7555
5,3393830,3403550,9720
5,3393866,3396681,2815
5,3396681,3403491,6810
5,3396681,3403550,6869
5,3396728,3403142,6414
5,3408235,3412372,4137
5,3408235,3414972,6737
5,3408235,3414607,6372
5,3425321,3426235,914
5,3425321,3426200,879
5,3425431,3429595,4164
5,3425443,3426345,902
5,3425443,3428746,3303
5,3426345,3431872,5527
5,3426551,3429558,3007
5,3426576,3428746,2170
5,3427043,3428387,1344
5,3428369,3429445,1076
5,3428387,3429675,1288
5,3428746,3429842,1096
5,3428746,3431598,2852
5,3429803,3432488,2685
5,3530015,3538218,8203
5,3530015,3538509,8494
5,3533081,3533135,54
5,3533106,3538677,5571
5,3547372,3553102,5730
5,3547372,3553102,5730
5,3549381,3552415,3034
5,3549565,3552434,2869
5,3549565,3552434,2869
5,3549565,3552415,2850
5,3549737,3552434,2697
5,3549753,3553228,3475
5,3552415,3553083,668
5,3639850,3642426,2576
5,3641141,3642426,1285
5,3641201,3642426,1225
5,3727345,3733592,6247
5,3727345,3733702,6357
5,3768535,3778506,9971
5,3772033,3779812,7779
5,3778294,3783042,4748
5,3778294,3781776,3482
5,3778294,3781913,3619
5,3778506,3781776,3270
5,3779812,3781913,2101
5,3781776,3783174,1398
5,3954957,3956556,1599
5,4000286,4008225,7939
5,4000286,4002585,2299
5,4000286,4003820,3534
5,4000286,4002585,2299
5,4000328,4003820,3492
5,4000328,4002585,2257
5,4001155,4002585,1430
5,4001155,4002585,1430
5,4101616,4101783,167
5,4101735,4103163,1428
5,4154084,4156071,1987
5,4154084,4160342,6258
5,4156025,4156511,486
5,4197502,4198254,752
5,4197502,4201170,3668
5,4201364,4205031,3667
5,4201405,4205031,3626
5,4219053,4220903,1850
5,4219053,4220903,1850
5,4219059,4221655,2596
5,4253744,4258074,4330
5,4266937,4274471,7534
5,4269969,4278254,8285
5,4294705,4303115,8410
5,4294705,4303236,8531
5,4294705,4303236,8531
5,4294719,4303236,8517
5,4294719,4296109,1390
5,4294719,4303115,8396
5,4294719,4296048,1329
5,4296109,4303115,7006
5,4303236,4309044,5808
5,4303317,4310702,7385
5,4303338,4311065,7727
5,4303338,4313333,9995
5,4303338,4309082,5744
5,4303338,4309082,5744
5,4303338,4310702,7364
5,4303338,4310702,7364
5,4305038,4309044,4006
5,4305038,4309044,4006
5,4305050,4313312,8262
5,4336201,4345384,9183
5,4426149,4430228,4079
5,4471875,4474767,2892
5,4472079,4474778,2699
5,4472079,4478122,6043
5,4474115,4474778,663
5,4474115,4474778,663
5,4581701,4589472,7771
5,4581701,4583159,1458
5,4581750,4587478,5728
5,4581750,4587478,5728
5,4581750,4587478,5728
5,4582902,4587478,4576
5,4582923,4584508,1585
5,4583159,4589165,6006
5,4584672,4587478,2806
5,4587478,4588621,1143
5,4587478,4589524,2046
5,4587560,4588621,1061
5,4587560,4589472,1912
5,4587560,4588621,1061
5,4587591,4589524,1933
5,4589562,4591771,2209
5,4602173,4609174,7001
5,4603177,4606779,3602
5,4603359,4606928,3569
5,4605599,4606891,1292
5,4605599,4606891,1292
5,4606891,4611498,4607
5,4606904,4609174,2270
5,4606951,4611470,4519
5,4608846,4611470,2624
5,4664483,4671897,7414
5,4665164,4670903,5739
5,4665471,4668350,2879
5,4665471,4668350,2879
5,4665471,4674432,8961
5,4665471,4670254,4783
5,4665471,4671897,6426
5,4668442,4671791,3349
5,4668442,4671947,3505
5,4668442,4671947,3505
5,4668442,4671791,3349
5,4668442,4674406,5964
5,4669112,4671771,2659
5,4669112,4671771,2659
5,4670254,4672852,2598
5,4670254,4671947,1693
5,4670545,4671791,1246
5,4670899,4671771,872
5,4762170,4767249,5079
5,4766892,4768645,1753
5,4769847,4777015,7168
5,4770003,4776809,6806
5,4909183,4909900,717
5,4945612,4946166,554
5,4945612,4946166,554
5,5057682,5065339,7657
5,5186116,5187912,1796
5,5200393,5204921,4528
5,5205032,5212954,7922
5,5246198,5254200,8002
5,5328226,5329874,1648
5,5328226,5329835,1609
5,5378243,5378673,430
5,5378891,5380181,1290
5,5378918,5382793,3875
5,5572083,5578961,6878
5,5572083,5578961,6878
5,5572083,5577090,5007
5,5619591,5626945,7354
5,5622580,5627003,4423
5,5622792,5627171,4379
5,5626945,5632251,5306
5,5792483,5794154,1671
5,5794578,5798933,4355
5,5892654,5901118,8464
5,5892654,5901125,8471
5,5892677,5901182,8505
5,5899631,5901010,1379
5,6111736,6113726,1990
5,6139629,6141313,1684
5,6139633,6141313,1680
5,6141261,6142103,842
5,6315426,6317079,1653
5,6315443,6317079,1636
5,6328091,6335557,7466
5,6328091,6333578,5487
5,6328109,6333097,4988
5,6328214,6336940,8726
5,6333578,6334004,426
5,6333578,6334004,426
5,6334004,6335557,1553
5,6371371,6372765,1394
5,6432385,6438414,6029
5,6432393,6434451,2058
5,6432393,6434451,2058
5,6434180,6434451,271
5,6434180,6434451,271
5,6434408,6438414,4006
5,6434451,6443372,8921
5,6434451,6443078,8627
5,6434451,6438791,4340
5,6436583,6443097,6514
5,6438414,6438849,435
5,6438414,6443097,4683
5,6438414,6443372,4958
5,6438849,6443097,4248
5,6443097,6444273,1176
5,6443097,6444293,1196
5,6443097,6444595,1498
5,6568411,6568982,571
5,6675717,6685313,9596
5,6683458,6688415,4957
5,6906046,6913526,7480
5,6906875,6909592,2717
5,6909460,6913985,4525
5,6913985,6923884,9899
5,6914015,6918615,4600
5,7125684,7134212,8528
5,7125684,7134163,8479
5,7125684,7133877,8193
5,7129755,7134133,4378
5,7130193,7133877,3684
5,7130274,7134133,3859
5,7130274,7134133,3859
5,7130274,7134133,3859
5,7130274,7134133,3859
5,7133281,7140610,7329
5,7134133,7140261,6128
5,7134186,7140261,6075
5,7134186,7140261,6075
5,7134186,7140261,6075
5,7240840,7243054,2214
5,7255836,7255944,108
5,7255944,7261101,5157
5,7255944,7261098,5154
5,7255944,7261098,5154
5,7255944,7261322,5378
5,7255944,7261098,5154
5,7255944,7261098,5154
5,7255944,7261098,5154
5,7255944,7260914,4970
5,7255944,7261352,5408
5,7255944,7260914,4970
5,7255944,7261352,5408
5,7255944,7260914,4970
5,7255944,7261134,5190
5,7261322,7262674,1352
5,7357326,7364244,6918
5,7357492,7357759,267
5,7573553,7574858,1305
5,7587461,7589060,1599
5,7589025,7598810,9785
5,7767774,7774408,6634
5,7768710,7774408,5698
5,7855289,7859688,4399
5,7855425,7859688,4263
5,7982951,7986451,3500
5,8613394,8616598,3204
5,9245121,9246496,1375
5,9525718,9528476,2758
5,9616695,9622026,5331
5,9617112,9617308,196
5,9646938,9649853,2915
5,9649807,9659793,9986
5,9649853,9651629,1776
5,9651362,9652955,1593
5,9651943,9660112,8169
5,9651943,9653708,1765
5,9651943,9659793,7850
5,9651947,9659793,7846
5,9653584,9663583,9999
5,9653617,9663583,9966
5,9655601,9665074,9473
5,9817794,9825263,7469
5,9817794,9825482,7688
5,9817881,9825263,7382
5,9818753,9825263,6510
5,9822936,9825263,2327
5,9909619,9911195,1576
5,10009468,10011503,2035
5,10009537,10011458,1921
5,10076250,10079096,2846
5,10078203,10086946,8743
5,10078945,10086946,8001
5,10078986,10086946,7960
5,10079109,10086946,7837
5,10079154,10089056,9902
5,10091304,10100216,8912
5,10100300,10106465,6165
5,10100300,10106240,5940
5,10100300,10106465,6165
5,10104035,10106465,2430
5,10204837,10213553,8716
5,10210595,10213678,3083
5,10410086,10418157,8071
5,10412391,10417899,5508
5,10412391,10414440,2049
5,10412391,10413622,1231
5,10412398,10418735,6337
5,10412398,10416210,3812
5,10412398,10415704,3306
5,10412398,10415503,3105
5,10413352,10418013,4661
5,10415722,10418157,2435
5,10416210,10418121,1911
5,10416210,10418807,2597
5,10417884,10418226,342
5,10542293,10542684,391
5,11488596,11490847,2251
5,11735870,11738313,2443
5,11877426,11882524,5098
5,11921464,11923330,1866
5,12270424,12279757,9333
5,12274880,12277372,2492
5,12274880,12277372,2492
5,12277372,12279520,2148
5,12547275,12551951,4676
5,12547275,12551951,4676
5,13137121,13137949,828
5,13177637,13187165,9528
5,13276010,13276829,819
5,13276335,13284281,7946
5,13302919,13307690,4771
5,13302919,13307504,4585
5,13304365,13307690,3325
5,13304365,13307504,3139
5,13304365,13310399,6034
5,13304365,13310399,6034
5,13306154,13307690,1536
5,13395024,13398776,3752
5,13721708,13724315,2607
5,13721708,13726886,5178
5,13722906,13726886,3980
5,13733808,13738035,4227
5,13798501,13807502,9001
5,13798501,13801263,2762
5,13801225,13809458,8233
5,13801225,13807499,6274
5,13801225,13807502,6277
5,13801263,13809458,8195
5,13802035,13806220,4185
5,13802676,13806205,3529
5,13809492,13814411,4919
5,13809492,13812755,3263
5,13809492,13816172,6680
5,13809492,13814411,4919
5,13814507,13820203,5696
5,13967894,13970157,2263
5,13967894,13968816,922
5,13970157,13973031,2874
5,14102386,14107552,5166
5,14177134,14178615,1481
5,14507018,14511498,4480
5,14606716,14608933,2217
5,14642632,14649286,6654
5,14649286,14653706,4420
5,15186830,15190744,3914
5,15186830,15193467,6637
5,15188790,15190700,1910
5,15188947,15190801,1854
5,15188947,15190700,1753
5,15190700,15192932,2232
5,15190700,15193337,2637
5,15190700,15193337,2637
5,15448423,15455423,7000
5,15448505,15455561,7056
5,15547198,15550939,3741
5,15547198,15548293,1095
5,15550515,15556880,6365
5,15568144,15569225,1081
5,15569374,15574927,5553
5,15730203,15734732,4529
5,15800976,15804972,3996
5,16321344,16328462,7118
5,16324159,16328451,4292
5,16844527,16851434,6907
5,16845028,16851434,6406
5,16848812,16849891,1079
5,16848864,16851652,2788
5,17317022,17321084,4062
5,17340637,17343150,2513
5,17340792,17350328,9536
5,17343150,17350238,7088
5,17343150,17343411,261
5,17343150,17343885,735
5,17343411,17343943,532
5,17344043,17350328,6285
5,17376160,17378071,1911
5,17376474,17377997,1523
5,17378071,17379792,1721
5,17378071,17379472,1401
5,17379472,17379792,320
5,17379823,17380811,988
5,18156761,18157473,712
5,18541356,18541497,141
5,18694893,18698641,3748
5,18694893,18700698,5805
5,18694893,18698641,3748
5,18694893,18700698,5805
5,18698641,18704391,5750
5,18699679,18702782,3103
5,18700698,18704391,3693
5,18700761,18701680,919
5,18700770,18705897,5127
5,18702824,18705897,3073
5,18703026,18705897,2871
5,19124943,19129190,4247
5,19129190,19134100,4910
5,19133843,19134176,333
5,19457159,19462141,4982
5,19460436,19461118,682
5,19524122,19526231,2109
5,19524304,19528350,4046
5,19524304,19528360,4056
5,19524586,19526231,1645
5,19525101,19525912,811
5,19525643,19526231,588
5,19670100,19679910,9810
5,19671410,19679563,8153
5,19675047,19679389,4342
5,19675540,19679910,4370
5,19675795,19678298,2503
5,19676716,19679910,3194
5,19708639,19709898,1259
5,19886615,19888264,1649
5,19887156,19888515,1359
5,19887156,19888239,1083
5,19887156,19890250,3094
5,19888264,19895155,6891
5,19890250,19890649,399
5,19890320,19895155,4835
5,20197897,20199265,1368
5,20488970,20492076,3106
5,20488970,20492076,3106
5,20802397,20803665,1268
5,20910938,20915372,4434
5,21351302,21353743,2441
5,21351302,21353834,2532
5,21902052,21904800,2748
5,22748857,22758076,9219
5,27945784,27949015,3231
5,29915882,29918003,2121
5,30218552,30221006,2454
5,30592014,30599613,7599
5,30599537,30601132,1595
5,30836949,30839503,2554
5,31827648,31835325,7677
5,32460264,32464365,4101
5,33048789,33052372,3583
5,33048871,33052424,3553
5,39881801,39883769,1968
5,42297246,42298856,1610
5,43738079,43741243,3164
5,43738831,43741045,2214
5,46779949,46781459,1510
5,48501449,48503608,2159
5,48501972,48503062,1090
5,49830289,49835340,5051
5,51429219,51429894,675
5,53534086,53535108,1022
5,56361293,56369845,8552
5,56364259,56369288,5029
5,56365932,56374930,8998
5,56369893,56376238,6345
5,56369968,56372660,2692
5,56370305,56376490,6185
5,56425871,56429318,3447
5,56426641,56429318,2677
5,56426641,56429445,2804
5,58052231,58060182,7951
5,58052231,58060656,8425
5,58123894,58133324,9430
5,58198842,58203638,4796
5,59974794,59979075,4281
5,59977546,59979078,1532
5,60131069,60136292,5223
5,60244656,60246768,2112
5,60995236,60995403,167
5,61516247,61524444,8197
5,61671700,61672564,864
5,65112132,65114883,2751
5,65214549,65222027,7478
5,67504073,67510738,6665
5,67504613,67510791,6178
5,68422125,68427865,5740
5,68423558,68427865,4307
5,68511008,68517421,6413
5,68512485,68512946,461
5,68512946,68513525,579
5,68513622,68516908,3286
5,69303038,69304366,1328
5,69303038,69304472,1434
5,69303196,69304472,1276
5,69303779,69304366,587
5,69304368,69308423,4055
5,69306843,69308623,1780
5,73047142,73054690,7548
5,74502978,74510867,7889
5,74503099,74507680,4581
5,74507700,74510867,3167
5,74657113,74659982,2869
5,74657113,74660974,3861
5,74919946,74921851,1905
5,76217507,76218927,1420
5,77751922,77754540,2618
5,77940717,77941755,1038
5,80804587,80807956,3369
5,82949615,82953043,3428
5,89708784,89715031,6247
5,93238052,93240251,2199
5,130956665,130960766,4101
5,140756368,140764096,7728
5,141252096,141258764,6668
5,143970568,143975462,4894
5,143970568,143975883,5315
5,143970568,143975462,4894
5,143972822,143975883,3061
5,143972828,143975883,3055
5,143973182,143975462,2280
5,151707593,151708930,1337
5,155030419,155030913,494
5,155526338,155530509,4171
5,155527333,155530480,3147
5,159326418,159329986,3568
5,159326418,159330998,4580
5,159329986,159331266,1280
5,159331033,159332276,1243
5,159331283,159332652,1369
5,159800445,159803550,3105
5,160079156,160081320,2164
5,163289969,163293102,3133
5,163411721,163418528,6807
5,163412545,163419025,6480
5,163417447,163418528,1081
5,164651229,164653342,2113
5,164651242,164654717,3475
5,164651395,164652750,1355
5,164652829,164655523,2694
5,164989887,164999686,9799
5,166855823,166864422,8599
5,166969526,166969624,98
5,167239964,167249937,9973
5,167583275,167585842,2567
5,167583302,167585281,1979
5,167585708,167587029,1321
5,168028295,168037193,8898
5,168086967,168089352,2385
5,168446544,168448216,1672
5,168448283,168451842,3559
5,168841309,168845285,3976
5,168845231,168852920,7689
5,168845231,168852920,7689
5,168852957,168853509,552
5,168852957,168853340,383
5,168858227,168864754,6527
5,168863936,168865168,1232
5,168885491,168885676,185
5,168885491,168889291,3800
5,168885676,168892889,7213
5,169454753,169456568,1815
5,169814376,169820633,6257
5,169816372,169825001,8629
5,169817124,169825001,7877
5,169825001,169832223,7222
5,169838087,169845650,7563
5,170246196,170255705,9509
5,170411649,170418228,6579
5,170411649,170413436,1787
5,170411844,170419991,8147
5,170412093,170418202,6109
5,170413436,170418202,4766
5,170413439,170418202,4763
5,170501910,170503959,2049
5,170820914,170826263,5349
5,171271146,171273092,1946
5,171704988,171706644,1656
5,171963138,171964068,930
5,172024074,172025386,1312
5,172288267,172293860,5593
5,173626110,173629337,3227
5,173805505,173810254,4749
5,174150530,174153192,2662
5,174153192,174160102,6910
5,174217914,174218959,1045
5,174288391,174296589,8198
5,174296589,174305820,9231
5,174296677,174305820,9143
5,174345033,174351484,6451
5,174591364,174592458,1094
5,175211216,175218607,7391
5,175218607,175221513,2906
5,175218607,175221513,2906
5,175440423,175449714,9291
5,175592167,175600483,8316
5,175592302,175600483,8181
5,175592302,175600483,8181
5,175592302,175598346,6044
5,175592607,175598950,6343
5,175598469,175607126,8657
5,175598469,175603780,5311
5,175598957,175607126,8169
5,175599023,175603780,4757
5,175599194,175606092,6898
5,175599194,175606092,6898
5,175600483,175603780,3297
5,175600599,175603780,3181
5,175600599,175607126,6527
5,175603780,175607126,3346
5,175603780,175607126,3346
5,175603780,175607126,3346
5,175603780,175607126,3346
5,175603780,175607126,3346
5,175607126,175608804,1678
5,175607126,175608680,1554
5,175607126,175609191,2065
5,175607126,175615732,8606
5,175615732,175624411,8679
5,175615761,175624028,8267
5,175615830,175624363,8533
5,175653414,175660226,6812
5,175653414,175659423,6009
5,175656062,175659423,3361
5,175656062,175659423,3361
5,175728151,175731033,2882
5,176035949,176038412,2463
5,176989610,176991993,2383
5,176991337,176991993,656
5,176991993,176993519,1526
5,177221339,177223451,2112
5,177665119,177668298,3179
5,178242484,178243793,1309
5,178242484,178243679,1195
5,178825845,178826745,900
5,179006606,179015062,8456
5,179926878,179928953,2075
5,179926878,179928870,1992
5,179926878,179928762,1884
5,179926941,179928953,2012
5,179928993,179933215,4222
5,180733003,180739137,6134
5,180900683,180906022,5339
5,181013163,181015381,2218
5,181013163,181015381,2218
5,181388260,181396217,7957
5,181388736,181392480,3744
5,181388787,181396727,7940
5,181583616,181587027,3411
5,182129872,182139376,9504
5,182129872,182135399,5527
5,182134270,182137972,3702
5,183484274,183493143,8869
5,183492997,183502016,9019
5,183492997,183501009,8012
5,183492997,183500980,7983
5,183492997,183502016,9019
5,183493143,183500980,7837
5,183493143,183500980,7837
5,183501009,183501767,758
5,183518413,183519936,1523
5,184159670,184169070,9400
5,184159681,184168371,8690
5,184168102,184171829,3727
5,184169070,184169722,652
5,184336604,184345072,8468
5,185569319,185574276,4957
5,185650082,185651043,961
5,186678634,186680425,1791
5,186678634,186680425,1791
5,186725390,186728148,2758
5,186725592,186733487,7895
5,186726280,186733487,7207
5,186726280,186734218,7938
5,186795859,186796471,612
5,186961400,186969243,7843
5,186961466,186969243,7777
5,186961466,186969243,7777
5,186961466,186966751,5285
5,186961466,186969243,7777
5,186969883,186971950,2067
5,188473094,188477357,4263
5,188473094,188477380,4286
5,188477159,188479429,2270
5,188477480,188479429,1949
5,188477480,188479429,1949
5,188667256,188667845,589
5,188667809,188673783,5974
5,188710850,188717952,7102
5,188759017,188759845,828
5,188823688,188825451,1763
5,188824506,188831903,7397
5,188824977,188826825,1848
5,188825420,188831966,6546
5,188825516,188827060,1544
5,188825516,188831826,6310
5,188826825,188831966,5141
5,188826825,188831966,5141
5,188829233,188833072,3839
5,188829504,188832608,3104
5,188833084,188837046,3962
5,188849331,188852386,3055
5,188854755,188857719,2964
5,188896179,188901297,5118
5,188897507,188901253,3746
5,189448635,189458056,9421
5,189886808,189889897,3089
5,189887583,189889925,2342
5,190234072,190241965,7893
5,190234431,190241378,6947
5,190237962,190243432,5470
5,190479940,190481551,1611
5,190739951,190747677,7726
5,190952670,190959927,7257
5,191083084,191089215,6131
5,191084079,191088492,4413
5,191086307,191088492,2185
5,191086354,191088426,2072
5,191885944,191886235,291
5,191907176,191911890,4714
5,192166279,192168677,2398
5,192223472,192230998,7526
5,192233199,192233241,42
5,193299911,193309468,9557
5,193299911,193303413,3502
5,193534695,193537504,2809
5,193534729,193539469,4740
5,193536580,193539469,2889
5,193539577,193546081,6504
5,193539782,193547797,8015
5,193555382,193557736,2354
5,193730968,193734961,3993
5,193930592,193936831,6239
5,193967767,193970694,2927
5,194110624,194118752,8128
5,194110624,194114302,3678
5,194110624,194114416,3792
5,194111062,194118752,7690
5,194111062,194118777,7715
5,194111062,194114302,3240
5,194111062,194114416,3354
5,194167068,194169261,2193
5,194252180,194252818,638
5,195665244,195674953,9709
5,196250831,196258556,7725
5,196751636,196758639,7003
5,197785790,197789996,4206
5,197786152,197790010,3858
5,197788961,197789996,1035
5,197843441,197845148,1707
5,197843777,197848642,4865
5,197845148,197848642,3494
5,197845148,197848820,3672
5,197845699,197848642,2943
5,197845889,197848642,2753
5,197955503,197960950,5447
5,197955503,197960950,5447
5,198197364,198205628,8264
5,198309462,198317195,7733
5,198780378,198789253,8875
5,198780389,198789528,9139
5,198780685,198789260,8575
5,198789347,198790700,1353
5,198789551,198790310,759
5,198789551,198790887,1336
5,198819305,198820647,1342
5,198822782,198823625,843
5,199203255,199209608,6353
5,199203386,199209608,6222
5,199203427,199209608,6181
5,199721314,199722025,711
5,199721826,199724016,2190
5,199722025,199723933,1908
5,199722025,199723087,1062
5,199976003,199979230,3227
5,199979478,199984800,5322
5,200110191,200118128,7937
5,200111043,200111299,256
5,200111299,200119613,8314
5,200117524,200119623,2099
5,200294763,200298866,4103
5,200299111,200299629,518
5,200435117,200441999,6882
5,200435117,200441841,6724
5,200437518,200439562,2044
5,200437520,200441950,4430
5,200437520,200441950,4430
5,200437520,200441841,4321
5,200439546,200441841,2295
5,200439643,200441950,2307
5,200487885,200491221,3336
5,200771959,200779868,7909
5,201226153,201229909,3756
5,201226839,201229590,2751
5,201228284,201235295,7011
5,201229909,201238800,8891
5,201385878,201392655,6777
5,201392512,201392818,306
5,201392655,201392818,163
5,201461580,201464576,2996
5,201866168,201872024,5856
5,201937703,201943517,5814
5,202296245,202305104,8859
5,202298350,202305104,6754
5,202302935,202306962,4027
5,202302949,202305104,2155
5,202302967,202306954,3987
5,202395353,202399732,4379
5,202416360,202420899,4539
5,203037180,203039668,2488
5,203037180,203044156,6976
5,203397730,203400608,2878
5,203397730,203402700,4970
5,203397730,203402792,5062
5,203397730,203402700,4970
5,203397730,203407094,9364
5,203397797,203402700,4903
5,203397797,203402792,4995
5,203614786,203621263,6477
5,203614830,203620770,5940
5,203614842,203622788,7946
5,203621263,203622814,1551
5,203625723,203631451,5728
5,203626498,203631460,4962
5,203647951,203654734,6783
5,203711371,203716617,5246
5,204167402,204169169,1767
5,204167402,204173977,6575
5,204167402,204168254,852
5,204169134,204178219,9085
5,204169195,204178219,9024
5,204518356,204525048,6692
5,204521394,204529006,7612
5,204521534,204529006,7472
5,204523036,204525048,2012
5,204539810,204542816,3006
5,204539904,204542816,2912
5,204539904,204542816,2912
5,204542816,204548431,5615
5,204542816,204549416,6600
5,204542856,204545712,2856
5,204542861,204549416,6555
5,204542892,204549271,6379
5,204545712,204549416,3704
5,204545712,204548526,2814
5,204548467,204549271,804
5,204549416,204549609,193
5,204897277,204903556,6279
5,205033532,205037474,3942
5,205144877,205150990,6113
5,205144877,205147951,3074
5,205145852,205150904,5052
5,205147160,205149192,2032
5,205147209,205151152,3943
5,205147938,205155959,8021
5,205147989,205155248,7259
5,205148074,205151152,3078
5,205148332,205149595,1263
5,205148446,205149192,746
5,205149192,205155801,6609
5,205149192,205152691,3499
5,205149789,205152691,2902
5,205150904,205155843,4939
5,205150990,205155843,4853
5,205180227,205181453,1226
5,205334458,205334768,310
5,205334659,205339765,5106
5,205334748,205342003,7255
5,205370018,205374748,4730
5,205373975,205374695,720
5,205534575,205536373,1798
5,205535985,205544335,8350
5,205536299,205544116,7817
5,205536334,205544335,8001
5,205536334,205544335,8001
5,205536334,205544335,8001
5,205536373,205544335,7962
5,205553317,205554798,1481
5,205553317,205562759,9442
5,205553489,205562818,9329
5,205553489,205560913,7424
5,205554798,205562544,7746
5,205554798,205555143,345
5,205554985,205560913,5928
5,205555143,205562818,7675
5,205555143,205564979,9836
5,205555143,205560913,5770
5,205555143,205562818,7675
5,205555143,205564979,9836
5,205555456,205564964,9508
5,205555456,205560913,5457
5,205560913,205564979,4066
5,205560913,205564964,4051
5,205562544,205566028,3484
5,205562818,205564979,2161
5,205729656,205730699,1043
5,205745287,205751649,6362
5,205745712,205751649,5937
5,205745712,205748037,2325
5,205783445,205790288,6843
5,205783846,205788189,4343
5,205783846,205787834,3988
5,205825198,205828646,3448
5,205840543,205840879,336
5,205925931,205926307,376
5,206033496,206035206,1710
5,206035434,206035868,434
5,206046686,206048513,1827
5,206187192,206194641,7449
5,206187898,206194669,6771
5,206267084,206274281,7197
5,206554599,206556482,1883
5,206560800,206563529,2729
5,206603901,206613878,9977
5,206604113,206613878,9765
5,206604225,206613878,9653
5,206795591,206799473,3882
5,206795591,206801786,6195
5,206797714,206801786,4072
5,206838682,206842955,4273
5,206839908,206846561,6653
5,206840697,206844712,4015
5,206840901,206842955,2054
5,206844712,206846410,1698
5,206844712,206846688,1976
5,206844712,206852004,7292
5,206844712,206852004,7292
5,206844712,206846685,1973
5,206845989,206854808,8819
5,206846565,206854533,7968
5,206917176,206927046,9870
5,206918702,206920133,1431
5,206920144,206927126,6982
5,206920144,206927126,6982
5,206920241,206927206,6965
5,206920241,206920300,59
5,206922241,206927206,4965
5,206922241,206924904,2663
5,206922314,206927206,4892
5,206922558,206924904,2346
5,206922623,206927206,4583
5,206922623,206927206,4583
5,206922623,206927221,4598
5,207127752,207136393,8641
5,207136393,207137213,820
5,207500702,207506101,5399
5,207506101,207514891,8790
5,207506553,207514176,7623
5,207506765,207514418,7653
5,207506765,207514176,7411
5,207506765,207513794,7029
5,207506765,207513557,6792
5,207511661,207514176,2515
5,207511661,207514418,2757
5,207657312,207660254,2942
5,207893084,207897167,4083
5,208062810,208066400,3590
5,208063975,208068489,4514
5,208063975,208069452,5477
5,208065918,208069452,3534
5,208066400,208071763,5363
5,208066400,208072333,5933
5,208066400,208072206,5806
5,208066400,208076025,9625
5,208066417,208072333,5916
5,208066814,208072271,5457
5,208066814,208071763,4949
5,208066992,208068301,1309
5,208066992,208071637,4645
5,208067096,208071637,4541
5,208067096,208071765,4669
5,208067326,208072206,4880
5,208067326,208072271,4945
5,208068301,208071765,3464
5,208069452,208070848,1396
5,208072412,208074189,1777
5,208074382,208076025,1643
5,208076025,208085366,9341
5,208082357,208087425,5068
5,208082357,208087425,5068
5,208084548,208085366,818
5,208086901,208089826,2925
5,208091922,208095301,3379
5,208091932,208094384,2452
5,208091932,208094451,2519
5,208091981,208094337,2356
5,208091985,208094318,2333
5,208094330,208098748,4418
5,208094330,208102044,7714
5,208094451,208098748,4297
5,208095853,208102044,6191
5,208095927,208102504,6577
5,208159231,208165577,6346
5,208159243,208164361,5118
5,208164181,208173204,9023
5,208164962,208174293,9331
5,208164962,208174783,9821
5,208164962,208174783,9821
5,208165119,208173204,8085
5,208165159,208173499,8340
5,208165590,208173501,7911
5,208167424,208173350,5926
5,208173520,208174846,1326
5,208255265,208256356,1091
5,208365554,208367937,2383
5,208560617,208565088,4471
5,208560686,208564171,3485
5,208560808,208568616,7808
5,208636927,208638258,1331
5,208637679,208641525,3846
5,208638258,208641525,3267
5,208638363,208645651,7288
5,208641525,208645624,4099
5,208641525,208641816,291
5,208675642,208682671,7029
5,208675642,208682671,7029
5,208743420,208744639,1219
5,208892427,208899233,6806
5,208898669,208901059,2390
5,208898673,208900736,2063
5,208919501,208926776,7275
5,208919631,208925719,6088
5,208986674,208988343,1669
5,208986749,208988336,1587
5,209716877,209722095,5218
5,209716885,209722136,5251
5,209716885,209722136,5251
5,209717242,209722095,4853
5,209717242,209722136,4894
5,209717257,209720485,3228
5,209717257,209722095,4838
5,209717576,209721214,3638
5,209720585,209722089,1504
5,209733109,209742952,9843
5,210409179,210411803,2624
5,210409179,210415887,6708
5,210409716,210410508,792
5,210409761,210411829,2068
5,210411829,210415887,4058
5,210415887,210417283,1396
5,210629345,210632642,3297
5,210629540,210631505,1965
5,210629540,210632642,3102
5,210629540,210635353,5813
5,210631469,210635353,3884
5,210632104,210632642,538
5,210632642,210635353,2711
5,210732936,210741041,8105
5,210732936,210737120,4184
5,210732959,210741041,8082
5,210737172,210741041,3869
5,210737172,210738235,1063
5,210766819,210770861,4042
5,210766819,210770861,4042
5,210766841,210770861,4020
5,210766841,210770861,4020
5,210766841,210770861,4020
5,210766841,210776690,9849
5,210766841,210776654,9813
5,210767793,210776757,8964
5,210770787,210778144,7357
5,210770845,210778144,7299
5,210770861,210778144,7283
5,210776757,210778144,1387
5,210867055,210869357,2302
5,210872378,210881178,8800
5,210872378,210881178,8800
5,210872378,210879484,7106
5,210872378,210879484,7106
5,210872378,210879484,7106
5,210872378,210879484,7106
5,210872378,210881178,8800
5,210872378,210881148,8770
5,211200008,211204356,4348
5,211200023,211200248,225
5,211200248,211203861,3613
5,211320471,211322016,1545
5,211444212,211452120,7908
5,211529128,211538744,9616
5,211529795,211538208,8413
5,211530369,211538744,8375
5,211530369,211538744,8375
5,211538744,211548268,9524
5,211545881,211549839,3958
5,211547586,211554060,6474
5,211599043,211604786,5743
5,211599577,211607274,7697
5,211723203,211732207,9004
5,211744728,211752213,7485
5,211745598,211749440,3842
5,211763455,211769234,5779
5,211986675,211991844,5169
5,211993570,212003136,9566
5,212157478,212160760,3282
5,212157493,212160760,3267
5,212160278,212160760,482
5,212160760,212169378,8618
5,212160760,212164748,3988
5,212202187,212204526,2339
5,212203444,212206094,2650
5,212204486,212206094,1608
5,212241147,212245523,4376
5,212244205,212249768,5563
5,212245014,212249768,4754
5,212245066,212249768,4702
5,212245523,212249579,4056
5,212245523,212249579,4056
5,212249579,212249768,189
5,212359794,212366790,6996
5,212613296,212618534,5238
5,212613296,212620076,6780
5,212613334,212617862,4528
5,212613334,212618536,5202
5,212613338,212618520,5182
5,212613338,212617706,4368
5,212613339,212617862,4523
5,212614373,212619269,4896
5,212619315,212619535,220
5,212647848,212653111,5263
5,212647848,212653111,5263
5,212685077,212687941,2864
5,212685077,212687941,2864
5,212686605,212693095,6490
5,212687005,212688314,1309
5,212748815,212751207,2392
5,212748815,212751126,2311
5,212748815,212757682,8867
5,212751207,212757595,6388
5,212751207,212757682,6475
5,212751207,212757682,6475
5,212763998,212768496,4498
5,212785788,212789309,3521
5,212818437,212819661,1224
5,212863877,212867084,3207
5,212863877,212867039,3162
5,212863877,212865664,1787
5,212863914,212867084,3170
5,212863961,212869864,5903
5,212863961,212865664,1703
5,212863961,212865664,1703
5,212863961,212872844,8883
5,212863961,212872844,8883
5,212863961,212869865,5904
5,212864066,212869915,5849
5,212867039,212874721,7682
5,212869865,212872844,2979
5,212874721,212882170,7449
5,213028225,213035403,7178
5,213038520,213038590,70
5,213051042,213057916,6874
5,213051086,213051764,678
5,213051086,213057916,6830
5,213051086,213059643,8557
5,213051764,213051886,122
5,213051810,213057652,5842
5,213051852,213057652,5800
5,213051886,213058307,6421
5,213051886,213057916,6030
5,213052049,213059379,7330
5,213057916,213059387,1471
5,213058323,213059643,1320
5,213076745,213077672,927
5,213076745,213077672,927
5,213076745,213082588,5843
5,213077631,213082408,4777
5,213077650,213082408,4758
5,213077672,213082518,4846
5,213077672,213081695,4023
5,213077900,213082408,4508
5,213077900,213082426,4526
5,213077900,213082426,4526
5,213178626,213183361,4735
5,213178626,213183322,4696
5,213259909,213266772,6863
5,213260819,213269294,8475
5,213260828,213266110,5282
5,213342020,213349834,7814
5,213342020,213349810,7790
5,213342115,213350186,8071
5,213349810,213350186,376
5,213532237,213538982,6745
5,213532237,213541565,9328
5,213532237,213536906,4669
5,213532237,213538982,6745
5,213532237,213541565,9328
5,213532237,213536608,4371
5,213532303,213541521,9218
5,213532303,213541565,9262
5,213533401,213541474,8073
5,213533401,213541474,8073
5,213533401,213539012,5611
5,213533401,213541565,8164
5,213533414,213541474,8060
5,213533599,213538863,5264
5,213533599,213538811,5212
5,213533599,213538982,5383
5,213533599,213539012,5413
5,213533599,213541474,7875
5,213533599,213536237,2638
5,213533599,213541521,7922
5,213533599,213538982,5383
5,213533599,213536608,3009
5,213535288,213541521,6233
5,213535288,213541521,6233
5,213536892,213544504,7612
5,213536906,213539012,2106
5,213538111,213541521,3410
5,213541474,213543323,1849
5,213541565,213543409,1844
5,213544504,213545291,787
5,213544504,213545291,787
5,213747427,213756863,9436
5,213747656,213756863,9207
5,213756863,213759645,2782
5,214052212,214061612,9400
5,214052241,214061612,9371
5,214052241,214061612,9371
5,214052322,214060931,8609
5,214061604,214071585,9981
5,214071950,214078624,6674
5,214071950,214078253,6303
5,214075225,214078250,3025
5,214075225,214085123,9898
5,214075225,214078625,3400
5,214075225,214081541,6316
5,214075225,214078624,3399
5,214075225,214078250,3025
5,214075735,214078250,2515
5,214075765,214078625,2860
5,214078250,214081530,3280
5,214078250,214084753,6503
5,214078624,214084833,6209
5,214081676,214087008,5332
5,214081676,214087008,5332
5,214111241,214114186,2945
5,214111241,214115943,4702
5,214114310,214119121,4811
5,214114406,214122558,8152
5,214114692,214119121,4429
5,214115943,214122600,6657
5,214115976,214119040,3064
5,214115988,214119040,3052
5,214119040,214127266,8226
5,214119040,214127215,8175
5,214119040,214127215,8175
5,214119040,214127215,8175
5,214122394,214126960,4566
5,214122425,214127215,4790
5,214122558,214127707,5149
5,214125740,214127266,1526
5,214125740,214127266,1526
5,214163674,214168220,4546
5,214163674,214168037,4363
5,214163674,214167934,4260
5,214163674,214167887,4213
5,214163702,214167934,4232
5,214163702,214167934,4232
5,214166620,214167934,1314
5,214166648,214168037,1389
5,214167934,214173609,5675
5,214168124,214173626,5502
5,214274525,214280729,6204
5,214274610,214281566,6956
5,214280729,214285718,4989
5,214285798,214287067,1269
5,214287165,214287722,557
5,214287387,214287722,335
5,214340362,214343538,3176
5,214390012,214390990,978
5,214404584,214410062,5478
5,214409945,214412594,2649
5,214409952,214411384,1432
5,214411627,214412594,967
5,214511293,214518333,7040
5,214515186,214522240,7054
5,214517329,214522454,5125
5,214517329,214527253,9924
5,214517450,214522454,5004
5,214518350,214523466,5116
5,214528404,214536524,8120
5,214528649,214536524,7875
5,214708553,214711518,2965
5,214708553,214710613,2060
5,214711518,214719154,7636
5,214711941,214718598,6657
5,214715087,214722495,7408
5,214718598,214722495,3897
5,214718598,214722495,3897
5,214718598,214719154,556
5,214719118,214722525,3407
5,214722495,214730426,7931
5,214763287,214763958,671
5,214843362,214849417,6055
5,214938814,214948396,9582
5,214948354,214956532,8178
5,214949854,214952635,2781
5,214949914,214952635,2721
5,214950057,214952422,2365
5,214952635,214955894,3259
5,214952635,214956532,3897
5,215010363,215012564,2201
5,215012830,215020952,8122
5,215016500,215020931,4431
5,215016604,215020931,4327
5,215020952,215021469,517
5,215055658,215063154,7496
5,215063795,215071791,7996
5,215064767,215074020,9253
5,215064767,215074020,9253
5,215074115,215077229,3114
5,215074115,215077229,3114
5,215261394,215263104,1710
5,215297510,215300636,3126
5,215297510,215300636,3126
5,215300636,215300738,102
5,215300762,215301785,1023
5,215301124,215301764,640
5,215346515,215353691,7176
5,215346699,215353852,7153
5,215349254,215353847,4593
5,215351187,215358763,7576
5,215472631,215474579,1948
5,215518292,215520585,2293
5,215558883,215560938,2055
5,215561315,215567451,6136
5,215566712,215567471,759
5,215624171,215626737,2566
5,215624302,215626737,2435
5,215624302,215626737,2435
5,215626737,215628613,1876
5,215626737,215629074,2337
5,215627006,215628265,1259
5,215651412,215661090,9678
5,215655206,215660820,5614
5,215661090,215661593,503
5,215783071,215788257,5186
5,215810949,215811751,802
5,215811775,215818812,7037
5,215841620,215851544,9924
5,215841697,215844118,2421
5,215841738,215850781,9043
5,215850462,215851401,939
5,215850462,215851401,939
5,215989340,215991184,1844
5,216083060,216090312,7252
5,216085002,216088593,3591
5,216160799,216164670,3871
5,216204537,216205964,1427
5,216205541,216205964,423
6,656565,658715,2150
6,2038806,2044001,5195
6,2242209,2245494,3285
6,2380838,2382386,1548
6,2381064,2382593,1529
6,2382045,2382386,341
6,2445455,2449159,3704
6,2881365,2884948,3583
6,2881366,2884948,3582
6,2884948,2893655,8707
6,3042281,3045437,3156
6,3042281,3045437,3156
6,3234175,3234868,693
6,3643536,3648835,5299
6,3647837,3648118,281
6,4143360,4150334,6974
6,4306694,4311998,5304
6,4306724,4311998,5274
6,4307645,4311998,4353
6,4309194,4311998,2804
6,4350097,4358063,7966
6,4433650,4438349,4699
6,4438720,4439995,1275
6,6893687,6894070,383
6,7038163,7044829,6666
6,7038163,7046700,8537
6,7038193,7045024,6831
6,7038193,7044829,6636
6,7038193,7044829,6636
6,7038193,7044829,6636
6,7044829,7052546,7717
6,7045800,7046411,611
6,7046631,7052546,5915
6,7046706,7052546,5840
6,7046706,7052546,5840
6,8101547,8107762,6215
6,8101547,8107762,6215
6,8101618,8107762,6144
6,8140616,8140891,275
6,8679797,8680647,850
6,8680494,8680882,388
6,9146298,9152474,6176
6,9188580,9195057,6477
6,9200467,9201595,1128
6,9201749,9206337,4588
6,23724558,23727065,2507
6,24604412,24611553,7141
6,24604541,24611417,6876
6,24606844,24611553,4709
6,25288725,25290605,1880
6,29010192,29014028,3836
6,33622275,33623598,1323
6,33622313,33623233,920
6,38267854,38271668,3814
6,39370419,39371759,1340
6,39370888,39371938,1050
6,39371314,39371783,469
6,55597412,55599233,1821
6,55597412,55599233,1821
6,58442170,58444848,2678
6,58444848,58446718,1870
6,58446787,58454881,8094
6,58451586,58454471,2885
6,60191993,60195005,3012
6,62185644,62187958,2314
6,66026551,66028740,2189
6,72861507,72867037,5530
6,75398540,75401128,2588
6,75740012,75747785,7773
6,75747912,75749425,1513
6,75748163,75749425,1262
6,78818210,78820699,2489
6,81615953,81620996,5043
6,81724855,81726271,1416
6,82757971,82764692,6721
6,82758182,82764692,6510
6,82764461,82764692,231
6,84521697,84527611,5914
6,84786532,84789278,2746
6,85203519,85206033,2514
6,85414004,85416113,2109
6,86174487,86180667,6180
6,86335575,86338305,2730
6,86335722,86345596,9874
6,86337066,86346189,9123
6,86337751,86338305,554
6,86337772,86346256,8484
6,86337772,86346256,8484
6,86338050,86338258,208
6,86342579,86346189,3610
6,86343116,86346256,3140
6,86343489,86344066,577
6,88564139,88569400,5261
6,88739645,88740520,875
6,88740074,88742741,2667
6,88740205,88743568,3363
6,88740560,88743096,2536
6,88742745,88747957,5212
6,88905566,88910981,5415
6,88905566,88910201,4635
6,88905949,88910981,5032
6,88906006,88910163,4157
6,88907634,88917592,9958
6,88907634,88910982,3348
6,88907634,88917592,9958
6,88907662,88917510,9848
6,88909566,88910982,1416
6,88909566,88910917,1351
6,88911200,88917592,6392
6,88911488,88917592,6104
6,88983465,88984992,1527
6,89123242,89127377,4135
6,89123242,89131247,8005
6,89125345,89135222,9877
6,89125536,89131247,5711
6,89127377,89128235,858
6,89127377,89131315,3938
6,89131247,89135797,4550
6,89412733,89413050,317
6,89413033,89414211,1178
6,89413050,89414211,1161
6,89413050,89414227,1177
6,91643372,91646328,2956
6,93323160,93329571,6411
6,93323160,93326580,3420
6,93323515,93327379,3864
6,93323528,93329571,6043
6,93326580,93327800,1220
6,93326672,93329571,2899
6,93337520,93338666,1146
6,93337736,93338643,907
6,93492356,93494318,1962
6,93494831,93497159,2328
6,93494939,93497159,2220
6,94754337,94762420,8083
6,94757377,94762420,5043
6,95317072,95323063,5991
6,95317072,95323063,5991
6,95317110,95323063,5953
6,95317110,95323063,5953
6,95317110,95323048,5938
6,95317110,95321336,4226
6,95317110,95321336,4226
6,95317110,95327034,9924
6,95317308,95323048,5740
6,95323048,95327087,4039
6,95323063,95327034,3971
6,95327087,95327831,744
6,95327087,95327831,744
6,95327369,95327570,201
6,95466118,95474422,8304
6,96321394,96330661,9267
6,96330661,96337905,7244
6,96330661,96337138,6477
6,96330661,96337138,6477
6,96334211,96337887,3676
6,96335006,96337138,2132
6,96667801,96673222,5421
6,96671219,96674122,2903
6,96909472,96919146,9674
6,96919462,96922625,3163
6,96919462,96923426,3964
6,96919462,96923426,3964
6,96919465,96923426,3961
6,97114781,97116767,1986
6,97227387,97228805,1418
6,97227789,97233838,6049
6,97317528,97320297,2769
6,97317528,97320314,2786
6,97317545,97320297,2752
6,97317545,97320297,2752
6,97342132,97343947,1815
6,97380347,97382324,1977
6,97382324,97382937,613
6,97382324,97382937,613
6,97382344,97382937,593
6,97912850,97914964,2114
6,97913253,97915399,2146
6,98027680,98030573,2893
6,98027680,98027967,287
6,98027967,98030573,2606
6,98027967,98030573,2606
6,98027967,98030573,2606
6,98027967,98031562,3595
6,98028047,98031562,3515
6,98029060,98030573,1513
6,98030636,98031562,926
6,100083435,100089127,5692
6,102755820,102757765,1945
6,103127624,103129434,1810
6,103129102,103132053,2951
6,103129488,103131621,2133
6,103130468,103140116,9648
6,103130468,103140119,9651
6,103130468,103140119,9651
6,103130468,103140098,9630
6,103130468,103140098,9630
6,103130468,103133732,3264
6,103130468,103133732,3264
6,103140119,103144566,4447
6,103140140,103144572,4432
6,103140140,103144566,4426
6,103702350,103708682,6332
6,103702350,103708694,6344
6,103708694,103711171,2477
6,104266016,104268279,2263
6,104969974,104979845,9871
6,104969974,104979795,9821
6,104970005,104979845,9840
6,104970005,104979845,9840
6,104976096,104979905,3809
6,105094745,105096680,1935
6,105751979,105753350,1371
6,105752875,105755068,2193
6,105884249,105886145,1896
6,107360458,107360852,394
6,107379746,107382234,2488
6,107381256,107382234,978
6,107736467,107737617,1150
6,108065062,108066199,1137
6,108065106,108066102,996
6,108196871,108197682,811
6,108197682,108198735,1053
6,108198900,108203292,4392
6,108247709,108256823,9114
6,108247709,108255699,7990
6,108248102,108255699,7597
6,108248102,108254968,6866
6,108248102,108255699,7597
6,108255699,108264478,8779
6,108255699,108256942,1243
6,108255699,108264478,8779
6,108305374,108306707,1333
6,109084622,109087051,2429
6,110436830,110437277,447
6,111019322,111020491,1169
6,111966477,111972379,5902
6,111970102,111972339,2237
6,111970938,111972962,2024
6,112004315,112007595,3280
6,112004315,112007595,3280
6,112123630,112124037,407
6,112590876,112597726,6850
6,112600900,112602345,1445
6,112600986,112602267,1281
6,112601394,112602388,994
6,112957272,112959969,2697
6,112957386,112959969,2583
6,114931641,114937453,5812
6,115365245,115366236,991
6,115573930,115574647,717
6,115573963,115580615,6652
6,117586644,117596170,9526
6,117586644,117596170,9526
6,118084980,118087043,2063
6,118084980,118086665,1685
6,118084980,118086665,1685
6,118087399,118096898,9499
6,118087399,118087778,379
6,118087399,118096772,9373
6,118695403,118704137,8734
6,119863120,119863823,703
6,120132237,120136726,4489
6,120132237,120136318,4081
6,120273427,120275074,1647
6,120847501,120848361,860
6,122245977,122249613,3636
6,123307789,123315263,7474
6,128053547,128062289,8742
6,128053592,128062289,8697
6,128053592,128062289,8697
6,128053592,128062666,9074
6,128053592,128062247,8655
6,128053942,128062650,8708
6,128058265,128062289,4024
6,128058265,128064545,6280
6,128308536,128318314,9778
6,128318720,128319635,915
6,128830727,128833644,2917
6,129473712,129482856,9144
6,129494858,129500141,5283
6,129963687,129966796,3109
6,129963687,129971032,7345
6,129963687,129966796,3109
6,129963756,129966513,2757
6,129963756,129967029,3273
6,129963756,129971577,7821
6,129966513,129971577,5064
6,129966513,129971577,5064
6,129966723,129971032,4309
6,129966723,129971032,4309
6,129966723,129971032,4309
6,129966796,129971032,4236
6,129971577,129980652,9075
6,129979896,129980652,756
6,129980135,129981658,1523
6,130130852,130131618,766
6,130130852,130131583,731
6,130131301,130131618,317
6,130131676,130132214,538
6,130527883,130529283,1400
6,131355342,131359316,3974
6,131356980,131359133,2153
6,131357127,131359133,2006
6,132189347,132195278,5931
6,132189720,132195278,5558
6,132495104,132496128,1024
6,132882781,132889367,6586
6,132885870,132888558,2688
6,132889367,132890279,912
6,134649403,134656440,7037
6,135536212,135537040,828
6,135536212,135536842,630
6,135536274,135536688,414
6,135876737,135884236,7499
6,136406821,136408082,1261
6,140310262,140313126,2864
6,141077830,141080110,2280
6,141077855,141080172,2317
6,142313785,142317826,4041
6,142313785,142317826,4041
6,142315339,142321195,5856
6,142318121,142321195,3074
6,142656314,142661774,5460
6,143129074,143138555,9481
6,143954617,143957174,2557
6,143956142,143961961,5819
6,143957171,143961659,4488
6,143958060,143962111,4051
6,143959110,143962014,2904
6,143977758,143981358,3600
6,144705804,144708329,2525
6,144705804,144708231,2427
6,144706717,144708135,1418
6,145314223,145321559,7336
6,146120566,146123716,3150
6,146232591,146239144,6553
6,146851263,146855697,4434
6,147023088,147024828,1740
6,147023088,147031322,8234
6,147023149,147032930,9781
6,147023149,147032930,9781
6,147023168,147031124,7956
6,147023209,147032930,9721
6,147024828,147031124,6296
6,147046071,147048241,2170
6,147048241,147053918,5677
6,147690241,147692492,2251
6,147868566,147877403,8837
6,147868566,147877403,8837
6,147868566,147869622,1056
6,147869622,147877403,7781
6,147869622,147877403,7781
6,147869622,147877403,7781
6,147870032,147877403,7371
6,147870032,147873709,3677
6,147870032,147877403,7371
6,147891898,147900689,8791
6,147902328,147910937,8609
6,147911256,147916281,5025
6,147911256,147916022,4766
6,147972583,147975914,3331
6,147972583,147976714,4131
6,147974960,147975820,860
6,148776198,148779140,2942
6,148777113,148779756,2643
6,148777179,148778363,1184
6,148777510,148779772,2262
6,148777510,148779140,1630
6,148777510,148784187,6677
6,148777510,148784187,6677
6,148779046,148779756,710
6,148779140,148779690,550
6,149124892,149125024,132
6,149125028,149129913,4885
6,149328977,149329332,355
6,149329332,149331830,2498
6,149671426,149679764,8338
6,149671427,149679652,8225
6,149671427,149679764,8337
6,149679822,149687423,7601
6,149679986,149687780,7794
6,149679986,149687792,7806
6,150024428,150029821,5393
6,150368308,150376069,7761
6,150368529,150376021,7492
6,150661062,150666399,5337
6,150666399,150674999,8600
6,150689347,150690836,1489
6,150691382,150695731,4349
6,150691533,150695215,3682
6,150691612,150695215,3603
6,150695731,150696450,719
6,150736344,150740484,4140
6,150736747,150740537,3790
6,150740593,150744962,4369
6,150740593,150741865,1272
6,150740593,150741865,1272
6,150799499,150800644,1145
6,150800644,150800727,83
6,150800657,150804882,4225
6,150800750,150804345,3595
6,150800802,150802174,1372
6,150802371,150804345,1974
6,150802426,150804345,1919
6,150802426,150804345,1919
6,150803523,150804345,822
6,150804916,150807024,2108
6,150837304,150841232,3928
6,151126933,151135389,8456
6,151133652,151135389,1737
6,151543661,151547269,3608
6,151565763,151570452,4689
6,151565763,151570333,4570
6,151566328,151570452,4124
6,151570524,151580123,9599
6,151580123,151581577,1454
6,151580123,151581577,1454
6,151783954,151793876,9922
6,151783954,151793555,9601
6,151789705,151793555,3850
6,152072580,152073862,1282
6,152168217,152177419,9202
6,152250108,152250498,390
6,152250108,152250498,390
6,152250195,152251405,1210
6,152250498,152260461,9963
6,152488920,152490708,1788
6,152507436,152509386,1950
6,152508106,152509546,1440
6,153087965,153094200,6235
6,153088315,153098291,9976
6,153228305,153234227,5922
6,153229645,153235783,6138
6,153229662,153235498,5836
6,153229676,153234227,4551
6,153229787,153234245,4458
6,153234227,153235498,1271
6,153252635,153260699,8064
6,153252635,153261309,8674
6,153256966,153263462,6496
6,153259576,153260429,853
6,153259576,153262410,2834
6,153259576,153262481,2905
6,153260372,153262481,2109
6,153260372,153262410,2038
6,153261309,153265137,3828
6,153265137,153268160,3023
6,153268160,153272745,4585
6,153655322,153662357,7035
6,153657102,153662202,5100
6,153657102,153666402,9300
6,153750778,153758268,7490
6,153757974,153760265,2291
6,153758268,153766806,8538
6,153760166,153760265,99
6,153762195,153770451,8256
6,153766868,153770451,3583
6,153784458,153786111,1653
6,153785490,153786111,621
6,154152768,154157498,4730
6,154323794,154331173,7379
6,154323879,154327480,3601
6,154324102,154324265,163
6,154325154,154335127,9973
6,154887180,154893510,6330
6,154888962,154893510,4548
6,154975937,154980368,4431
6,154976012,154981658,5646
6,154980368,154981658,1290
6,155063156,155067556,4400
6,155174335,155175010,675
6,155235939,155240713,4774
6,155235957,155241116,5159
6,155240713,155241512,799
6,155392493,155396990,4497
6,155436487,155437030,543
6,155453068,155453344,276
6,155453068,155455201,2133
6,155453090,155453264,174
6,155453153,155456755,3602
6,155516196,155524834,8638
6,155607236,155615924,8688
6,155610342,155615924,5582
6,155627857,155632000,4143
6,155627857,155635734,7877
6,155627857,155635734,7877
6,155627857,155632000,4143
6,155627857,155635734,7877
6,155627857,155635734,7877
6,155627883,155633985,6102
6,155632328,155634124,1796
6,155632328,155633985,1657
6,155632328,155635734,3406
6,155646660,155652049,5389
6,155646660,155650819,4159
6,155650819,155652049,1230
6,155650819,155654334,3515
6,155652049,155655648,3599
6,156214172,156218611,4439
6,156248833,156255141,6308
6,156385662,156394679,9017
6,156385683,156387255,1572
6,156385683,156386052,369
6,156393707,156397980,4273
6,156393868,156396492,2624
6,156395390,156397916,2526
6,156397916,156407668,9752
6,156397916,156407668,9752
6,156397916,156407668,9752
6,156397916,156407668,9752
6,156397934,156400411,2477
6,156397964,156400661,2697
6,156532211,156532924,713
6,156532924,156535195,2271
6,156550645,156552605,1960
6,156550645,156552621,1976
6,156550645,156551634,989
6,156551634,156552621,987
6,156592244,156593891,1647
6,156750620,156752063,1443
6,156821419,156831418,9999
6,156821419,156831204,9785
6,156825643,156831204,5561
6,156825657,156831418,5761
6,156831204,156840378,9174
6,156831418,156840965,9547
6,156831418,156840056,8638
6,156878432,156879390,958
6,156879390,156881180,1790
6,156922280,156925110,2830
6,156926651,156930761,4110
6,156927120,156928011,891
6,157019980,157028100,8120
6,157492020,157496874,4854
6,158221227,158225752,4525
6,158221227,158224733,3506
6,158221264,158223246,1982
6,158221264,158224733,3469
6,158224661,158226681,2020
6,158224661,158227284,2623
6,158274989,158279509,4520
6,158275013,158283374,8361
6,158276787,158283373,6586
6,158276787,158282778,5991
6,158279509,158282778,3269
6,158280467,158283342,2875
6,158280467,158281768,1301
6,158282205,158282788,583
6,158293385,158293724,339
6,158294468,158297753,3285
6,158297337,158297753,416
6,158441904,158449464,7560
6,158444814,158449464,4650
6,158465465,158471268,5803
6,158465465,158471331,5866
6,158471325,158478115,6790
6,158471325,158480724,9399
6,158471330,158481173,9843
6,158471331,158478115,6784
6,158476101,158479108,3007
6,158476135,158480724,4589
6,158476253,158481173,4920
6,158476278,158478115,1837
6,158476278,158478115,1837
6,158476881,158478096,1215
6,158476881,158480724,3843
6,158641621,158649412,7791
6,158641622,158649433,7811
6,158641622,158649433,7811
6,158689393,158692428,3035
6,159013906,159014036,130
6,159014504,159016163,1659
6,159205555,159211043,5488
6,159205555,159211503,5948
6,159205555,159210458,4903
6,159205566,159211959,6393
6,159205566,159210919,5353
6,159205566,159210919,5353
6,159210005,159210458,453
6,159210458,159219673,9215
6,159210458,159219923,9465
6,159210958,159219741,8783
6,159211043,159212924,1881
6,159211043,159219923,8880
6,159211474,159219673,8199
6,159211503,159212924,1421
6,159211974,159212924,950
6,159211974,159219831,7857
6,159212187,159221981,9794
6,159257410,159260784,3374
6,159377599,159381559,3960
6,159377659,159381559,3900
6,159381559,159385087,3528
6,159465559,159468882,3323
6,159465709,159468882,3173
6,159465715,159470326,4611
6,159468184,159470185,2001
6,159626131,159633774,7643
6,159716780,159726440,9660
6,159720440,159726430,5990
6,159720440,159726448,6008
6,159825741,159829464,3723
6,159889865,159891173,1308
6,159889878,159891173,1295
6,160013560,160023029,9469
6,160013560,160022988,9428
6,160013560,160016347,2787
6,160013560,160016698,3138
6,160013560,160016347,2787
6,160014084,160016347,2263
6,160034454,160038361,3907
6,160162115,160165363,3248
6,160164388,160165460,1072
6,160164388,160167275,2887
6,160164388,160167316,2928
6,160233453,160237733,4280
6,160233453,160237733,4280
6,160233453,160237733,4280
6,160233453,160237733,4280
6,160233933,160237733,3800
6,160233933,160237733,3800
6,160233933,160237733,3800
6,160233933,160237733,3800
6,160233933,160236910,2977
6,160327377,160334779,7402
6,160331044,160337260,6216
6,160332582,160337381,4799
6,160337759,160346873,9114
6,160472473,160477671,5198
6,160545071,160547157,2086
6,160622690,160624533,1843
6,160717784,160720765,2981
6,160717801,160720765,2964
6,161224661,161227269,2608
6,161449065,161455427,6362
6,161472367,161477842,5475
6,161477615,161477840,225
6,161547449,161553000,5551
6,161547449,161553000,5551
6,161658030,161658198,168
6,161658132,161658347,215
6,161709279,161715066,5787
6,161710766,161715145,4379
6,161710766,161715066,4300
6,161715066,161722510,7444
6,161715145,161722510,7365
6,161825335,161835192,9857
6,161826839,161833861,7022
6,161826915,161835922,9007
6,161828033,161835922,7889
6,161828033,161835922,7889
6,161828086,161835922,7836
6,161828086,161835922,7836
6,161828086,161836042,7956
6,161828086,161835922,7836
6,161828086,161835408,7322
6,161833861,161835348,1487
6,161833861,161835922,2061
6,162009932,162019072,9140
6,162010237,162011471,1234
6,162011440,162014018,2578
6,162011458,162013599,2141
6,162011469,162013599,2130
6,162011471,162014078,2607
6,162013207,162018973,5766
6,162013207,162018973,5766
6,162013207,162014560,1353
6,162013258,162014560,1302
6,162013599,162019310,5711
6,162013599,162021060,7461
6,162014021,162020437,6416
6,162014078,162021060,6982
6,162014560,162020437,5877
6,162014560,162018973,4413
6,162019072,162019621,549
6,162020536,162021060,524
6,162021202,162022584,1382
6,162022418,162024681,2263
6,162024619,162025008,389
6,162103127,162112747,9620
6,162103127,162111342,8215
6,162103127,162112747,9620
6,162103127,162110237,7110
6,162103266,162111979,8713
6,162103266,162109191,5925
6,162103266,162109191,5925
6,162103266,162109191,5925
6,162103295,162109191,5896
6,162103295,162109164,5869
6,162108614,162111342,2728
6,162109191,162112796,3605
6,162109229,162112767,3538
6,162112303,162116686,4383
6,162112767,162121982,9215
6,162113274,162121982,8708
6,162121982,162127295,5313
6,162121982,162127295,5313
6,162127295,162128282,987
6,162153276,162156191,2915
6,162153285,162157023,3738
6,162153936,162163662,9726
6,162153974,162163630,9656
6,162154025,162163662,9637
6,162154025,162163630,9605
6,162154025,162163630,9605
6,162154102,162163662,9560
6,162445137,162445561,424
6,162561990,162571406,9416
6,162561990,162568586,6596
6,162561990,162571391,9401
6,162561990,162569026,7036
6,162561990,162571391,9401
6,162562146,162568586,6440
6,162562366,162568586,6220
6,162563498,162568586,5088
6,162563498,162571391,7893
6,162568586,162571484,2898
6,162568586,162571484,2898
6,162568586,162571428,2842
6,162568586,162571406,2820
6,162568586,162571391,2805
6,162600702,162600796,94
6,162635572,162644656,9084
6,162644843,162645055,212
6,162645223,162646827,1604
6,162673832,162676017,2185
6,162676770,162680946,4176
6,162689129,162692994,3865
6,162690573,162696441,5868
6,162692994,162697792,4798
6,162692994,162696826,3832
6,162722192,162724212,2020
6,162722468,162723798,1330
6,162739883,162745586,5703
6,162743373,162745241,1868
6,162769626,162770047,421
6,162917265,162920905,3640
6,162920874,162930493,9619
6,162992271,163001642,9371
6,162992271,163001642,9371
6,162992408,163001714,9306
6,163098469,163100921,2452
6,163098469,163103279,4810
6,163098469,163103279,4810
6,163098469,163106140,7671
6,163098469,163103279,4810
6,163098469,163101110,2641
6,163098469,163103279,4810
6,163101110,163101922,812
6,163101167,163103279,2112
6,163101209,163106140,4931
6,163101209,163106364,5155
6,163101301,163103279,1978
6,163101781,163103279,1498
6,163103279,163107601,4322
6,163104408,163106140,1732
6,163173978,163177371,3393
6,163174904,163177371,2467
6,163628712,163631485,2773
6,163628917,163633034,4117
6,163662280,163668041,5761
6,163662280,163668041,5761
6,163662280,163667995,5715
6,163662280,163667995,5715
6,163662280,163667995,5715
6,163662280,163667403,5123
6,163667403,163668041,638
6,163815865,163818814,2949
6,163817664,163818673,1009
6,163817724,163818673,949
6,163819067,163828811,9744
6,163819145,163828077,8932
6,163819245,163828077,8832
6,163830624,163839998,9374
6,163830737,163832193,1456
6,163831291,163835774,4483
6,163832193,163835828,3635
6,163868421,163870266,1845
6,163870266,163875129,4863
6,163875129,163875888,759
6,163921502,163929098,7596
6,163921502,163926626,5124
6,163921502,163930363,8861
6,163921502,163930363,8861
6,163921502,163928499,6997
6,163921502,163929016,7514
6,163948874,163950113,1239
6,163948874,163950097,1223
6,164138179,164143169,4990
6,164142653,164150439,7786
6,164143169,164146840,3671
6,164143226,164146840,3614
6,164143226,164146840,3614
6,164146005,164146578,573
6,164146840,164148135,1295
6,164146840,164150093,3253
6,164146852,164148059,1207
6,164282516,164283274,758
6,164283274,164286467,3193
6,164307575,164309255,1680
6,164366833,164369568,2735
6,164366833,164369713,2880
6,164367210,164369713,2503
6,164369960,164373960,4000
6,164373960,164378096,4136
6,164378580,164387851,9271
6,164506292,164514176,7884
6,164508073,164514176,6103
6,164509720,164519368,9648
6,164509720,164510009,289
6,164510009,164519368,9359
6,164510009,164514176,4167
6,164510009,164514176,4167
6,164510009,164519427,9418
6,164514176,164519942,5766
6,164577237,164581695,4458
6,164675575,164680952,5377
6,164678397,164684469,6072
6,164678563,164684469,5906
6,164680951,164684407,3456
6,164683542,164684469,927
6,164684466,164690537,6071
6,164684559,164687771,3212
6,164684770,164690537,5767
6,164684770,164690537,5767
6,164684770,164690537,5767
6,164684770,164693988,9218
6,164687774,164694025,6251
6,164687983,164690537,2554
6,164688179,164694025,5846
6,164787095,164790153,3058
6,164789563,164798834,9271
6,164790367,164797325,6958
6,164792909,164802508,9599
6,164792910,164802508,9598
6,164794623,164803737,9114
6,164794623,164802508,7885
6,164797325,164802508,5183
6,164797325,164802508,5183
6,164802508,164803767,1259
6,164850307,164853665,3358
6,164852265,164853665,1400
6,164852377,164853665,1288
6,165015604,165022363,6759
6,165022497,165022931,434
6,165238665,165240474,1809
6,165238981,165245062,6081
6,165240290,165240793,503
6,165240804,165245270,4466
6,165240905,165245270,4365
6,165240905,165246860,5955
6,165240905,165245270,4365
6,165240931,165245270,4339
6,165245062,165252256,7194
6,165245270,165246850,1580
6,165246932,165252256,5324
6,165343745,165353053,9308
6,165343780,165349759,5979
6,165348151,165350171,2020
6,165348151,165353049,4898
6,165390209,165397055,6846
6,165485804,165492894,7090
6,165528270,165536623,8353
6,165530251,165536623,6372
6,165536819,165540495,3676
6,165540749,165540939,190
6,165545726,165555249,9523
6,165545726,165548464,2738
6,165545726,165555440,9714
6,165545726,165555265,9539
6,165545768,165554763,8995
6,165545768,165554795,9027
6,165545768,165555265,9497
6,165545768,165555249,9481
6,165545768,165555109,9341
6,165545768,165555109,9341
6,165545768,165555109,9341
6,165555109,165558580,3471
6,165555249,165562667,7418
6,165555249,165562667,7418
6,165555265,165558580,3315
6,165555265,165562667,7402
6,165558580,165562667,4087
6,165584831,165586852,2021
6,165584831,165588388,3557
6,165586391,165588322,1931
6,165586621,165587956,1335
6,165586852,165588388,1536
6,165624995,165628858,3863
6,165626906,165635687,8781
6,165628858,165635600,6742
6,165801964,165811449,9485
6,165801964,165803446,1482
6,165801964,165811562,9598
6,165806056,165811485,5429
6,165945129,165945828,699
6,165962241,165962702,461
6,166052090,166053859,1769
6,166170747,166177535,6788
6,166177535,166179358,1823
6,166177535,166182821,5286
6,166179358,166182924,3566
6,166628744,166637477,8733
6,166629956,166632359,2403
6,166632582,166636252,3670
6,166636045,166637477,1432
6,166810778,166813822,3044
6,166811034,166812300,1266
6,166812246,166819607,7361
6,166812246,166819607,7361
6,166812246,166815163,2917
6,166812300,166815175,2875
6,166815163,166823021,7858
6,166815175,166822936,7761
6,166819098,166824518,5420
6,166822936,166828877,5941
6,166824518,166828899,4381
6,166898158,166901441,3283
6,166898942,166901441,2499
6,166898980,166901441,2461
6,167031046,167031768,722
6,167031782,167034310,2528
6,167031995,167034310,2315
6,167032980,167034311,1331
6,167410116,167414477,4361
6,167410151,167412895,2744
6,167410249,167414477,4228
6,167643976,167646722,2746
6,167646722,167647756,1034
6,167814423,167821525,7102
6,167821525,167822572,1047
6,167958047,167962318,4271
6,167982195,167983362,1167
6,168068330,168069581,1251
7,1137840,1140129,2289
7,1140031,1144436,4405
7,1267785,1269208,1423
7,1286028,1292583,6555
7,1286039,1292583,6544
7,1286039,1292802,6763
7,1286095,1292583,6488
7,1286095,1292583,6488
7,1290216,1292802,2586
7,1290216,1292609,2393
7,1292802,1293685,883
7,1292802,1293685,883
7,1295577,1299433,3856
7,1295632,1299433,3801
7,1309765,1312362,2597
7,1309777,1316970,7193
7,1311064,1316938,5874
7,1312362,1314815,2453
7,1312362,1315138,2776
7,1312362,1316970,4608
7,1312362,1316970,4608
7,1312362,1316938,4576
7,1312362,1317078,4716
7,1312362,1317078,4716
7,1312362,1316970,4608
7,1312362,1317078,4716
7,1312362,1317188,4826
7,1312362,1317188,4826
7,1312362,1316970,4608
7,1312362,1317110,4748
7,1314775,1316938,2163
7,1314775,1316938,2163
7,1314775,1316938,2163
7,1315138,1316970,1832
7,1315177,1316970,1793
7,1317269,1317899,630
7,1952252,1956923,4671
7,1952252,1956219,3967
7,1952281,1955425,3144
7,1953342,1955434,2092
7,1953342,1956185,2843
7,1985121,1985705,584
7,1985257,1987383,2126
7,1985836,1987419,1583
7,1987383,1988805,1422
7,1987419,1988780,1361
7,2062640,2064572,1932
7,2142079,2151870,9791
7,2142079,2151870,9791
7,2151710,2156859,5149
7,2151870,2156859,4989
7,2175891,2177514,1623
7,2583141,2585384,2243
7,2742152,2744506,2354
7,2743984,2744506,522
7,2744506,2748420,3914
7,2744506,2747655,3149
7,2744837,2748348,3511
7,2744837,2748348,3511
7,2870752,2874139,3387
7,2951001,2960786,9785
7,2951001,2952369,1368
7,2951055,2957121,6066
7,2951235,2956927,5692
7,2952369,2957503,5134
7,2952369,2960786,8417
7,2952369,2960786,8417
7,2957121,2957441,320
7,2957121,2960786,3665
7,2957428,2960786,3358
7,2957428,2966463,9035
7,2957441,2962329,4888
7,2957441,2960686,3245
7,2957441,2962329,4888
7,2960686,2962329,1643
7,2960686,2962329,1643
7,2960686,2962157,1471
7,2960686,2966894,6208
7,2960686,2962329,1643
7,2960722,2962329,1607
7,2960722,2962329,1607
7,2960748,2962329,1581
7,2960786,2966463,5677
7,2960786,2967896,7110
7,2962157,2967835,5678
7,2962329,2967835,5506
7,2962329,2967848,5519
7,2962329,2967848,5519
7,2962329,2967988,5659
7,2962329,2966739,4410
7,2962329,2967835,5506
7,2962338,2966739,4401
7,2966739,2967975,1236
7,2966739,2976573,9834
7,2966894,2967988,1094
7,2966894,2976573,9679
7,3163218,3169036,5818
7,3168386,3171765,3379
7,3170837,3171765,928
7,3170837,3172081,1244
7,3170839,3173701,2862
7,3171765,3173701,1936
7,3171765,3173675,1910
7,3171765,3175579,3814
7,3171765,3173701,1936
7,3173701,3182567,8866
7,3175579,3184121,8542
7,3182567,3185528,2961
7,3182567,3184121,1554
7,3185528,3194464,8936
7,3884623,3886858,2235
7,3884728,3891978,7250
7,3891978,3894120,2142
7,4029714,4034736,5022
7,4077787,4079358,1571
7,4080036,4083782,3746
7,4110099,4115203,5104
7,4110200,4111898,1698
7,4110200,4111898,1698
7,4110200,4115203,5003
7,4110713,4111898,1185
7,4801371,4801521,150
7,4826723,4828795,2072
7,4827255,4829661,2406
7,4827271,4829688,2417
7,4829688,4838418,8730
7,4900497,4902763,2266
7,4957563,4958550,987
7,4957563,4959674,2111
7,4958257,4959638,1381
7,4958257,4965218,6961
7,4958550,4962378,3828
7,4958550,4965889,7339
7,4959091,4965949,6858
7,4959091,4965323,6232
7,4959162,4965211,6049
7,4959638,4965889,6251
7,4959674,4962416,2742
7,4959674,4962378,2704
7,4959674,4962433,2759
7,4959674,4962416,2742
7,4959674,4962378,2704
7,4959674,4962378,2704
7,5095341,5101520,6179
7,5096551,5103358,6807
7,5096640,5106618,9978
7,5100104,5106618,6514
7,5100104,5103363,3259
7,5100104,5106618,6514
7,5101509,5108490,6981
7,5103358,5108697,5339
7,5128708,5134822,6114
7,5128708,5134307,5599
7,5134266,5134463,197
7,5138936,5146124,7188
7,5324023,5328861,4838
7,5324023,5329224,5201
7,5324023,5329224,5201
7,5324047,5329224,5177
7,5328861,5336940,8079
7,5329224,5336961,7737
7,5329224,5336961,7737
7,5329224,5336961,7737
7,5329224,5336961,7737
7,5329224,5335115,5891
7,5329224,5335115,5891
7,5329224,5335115,5891
7,5329224,5337068,7844
7,5329224,5336961,7737
7,5329224,5336961,7737
7,5329224,5336961,7737
7,5329633,5336961,7328
7,5329633,5335164,5531
7,5329633,5335115,5482
7,5329633,5336961,7328
7,5329633,5336961,7328
7,5516551,5522050,5499
7,5516551,5523188,6637
7,5519268,5524878,5610
7,5519399,5524164,4765
7,5523274,5523645,371
7,5523274,5524043,769
7,5524335,5525044,709
7,5525537,5527153,1616
7,5563605,5564240,635
7,5970307,5976081,5774
7,6126449,6127911,1462
7,6126451,6128648,2197
7,6126451,6127911,1460
7,6127934,6128716,782
7,6139122,6145601,6479
7,6297712,6305666,7954
7,6298471,6304587,6116
7,6298471,6305323,6852
7,6298471,6305547,7076
7,6298542,6303214,4672
7,6298542,6305323,6781
7,6303215,6305323,2108
7,6305064,6305547,483
7,6305547,6312482,6935
7,6312100,6312538,438
7,7258869,7268441,9572
7,7450409,7454082,3673
7,7451774,7460929,9155
7,7451859,7459577,7718
7,7462294,7462912,618
7,7573524,7574223,699
7,7620075,7620849,774
7,7620075,7620849,774
7,8048085,8056106,8021
7,8048336,8049865,1529
7,8048336,8049865,1529
7,8049472,8049865,393
7,8049865,8056098,6233
7,8050380,8056912,6532
7,8051093,8060080,8987
7,8056673,8064556,7883
7,8259540,8267777,8237
7,8520329,8520435,106
7,8520435,8521822,1387
7,8677375,8679893,2518
7,8701577,8703511,1934
7,8701913,8703934,2021
7,8701913,8703934,2021
7,9198385,9199251,866
7,9199241,9201957,2716
7,9199251,9201536,2285
7,9199251,9201536,2285
7,9199251,9201536,2285
7,9199266,9201189,1923
7,9200039,9201536,1497
7,9252395,9259772,7377
7,9252411,9260798,8387
7,9327947,9329762,1815
7,9327947,9330275,2328
7,9327950,9330129,2179
7,9327950,9330140,2190
7,9327950,9330140,2190
7,9327959,9329596,1637
7,9329613,9331827,2214
7,9329762,9331827,2065
7,9330140,9331667,1527
7,9330287,9331827,1540
7,9540693,9546253,5560
7,9700985,9701366,381
7,9701366,9708272,6906
7,9701460,9708409,6949
7,9709489,9711437,1948
7,9795492,9803657,8165
7,9795618,9803657,8039
7,9795618,9803657,8039
7,9904083,9913829,9746
7,10043459,10047253,3794
7,10157497,10165861,8364
7,10513806,10516678,2872
7,10513806,10517107,3301
7,10551574,10554356,2782
7,10551574,10560067,8493
7,10551574,10560067,8493
7,10569269,10574487,5218
7,10569275,10575416,6141
7,10570494,10575407,4913
7,10570551,10575416,4865
7,10574487,10576148,1661
7,10574604,10575407,803
7,10574604,10575416,812
7,10575416,10576148,732
7,10692326,10695449,3123
7,10692326,10697301,4975
7,13616118,13620476,4358
7,13835311,13842392,7081
7,13835311,13843441,8130
7,13835311,13845027,9716
7,13835311,13844889,9578
7,13835311,13845027,9716
7,13835311,13842393,7082
7,13835311,13843249,7938
7,13835311,13843351,8040
7,13835311,13843351,8040
7,13843345,13846390,3045
7,13843345,13846390,3045
7,13843345,13846390,3045
7,14362150,14370432,8282
7,14362150,14370432,8282
7,14367794,14371537,3743
7,14370432,14371537,1105
7,14606282,14609843,3561
7,14606282,14609696,3414
7,14606580,14609044,2464
7,14609044,14617830,8786
7,14618236,14619028,792
7,14619216,14619504,288
7,14997018,15004923,7905
7,14997018,15004986,7968
7,14997018,15004986,7968
7,15155655,15157721,2066
7,15322326,15328395,6069
7,15322424,15329564,7140
7,15329038,15329564,526
7,15467461,15470244,2783
7,15467461,15470825,3364
7,16096554,16098174,1620
7,16098025,16098535,510
7,17479423,17486592,7169
7,19347596,19353537,5941
7,19347649,19353537,5888
7,19349525,19354744,5219
7,20892777,20893905,1128
7,21135100,21140917,5817
7,21421545,21429226,7681
7,21510052,21513944,3892
7,21638267,21640191,1924
7,21799652,21800857,1205
7,22005456,22014509,9053
7,22013307,22016173,2866
7,25902289,25910240,7951
7,27416504,27420086,3582
7,30875121,30879151,4030
7,30875180,30879151,3971
7,30878043,30879168,1125
7,41418300,41419690,1390
7,41418300,41428263,9963
7,41419530,41427507,7977
7,41426402,41426527,125
7,97337892,97342086,4194
7,105368253,105370725,2472
7,105369161,105370725,1564
7,105369355,105370764,1409
7,106647108,106647574,466
7,106784155,106786385,2230
7,107233873,107239071,5198
7,107233882,107239561,5679
7,107926497,107931118,4621
7,107928376,107931118,2742
7,108481565,108482015,450
7,109323248,109329399,6151
7,112625276,112632622,7346
7,112936846,112945147,8301
7,112936933,112945147,8214
7,112936980,112945678,8698
7,112937633,112945147,7514
7,112937633,112945147,7514
7,112937633,112945147,7514
7,115180806,115182292,1486
7,117235925,117237057,1132
7,117541299,117543422,2123
7,117696003,117697449,1446
7,118306535,118311295,4760
7,118508780,118517698,8918
7,118509212,118517698,8486
7,118509842,118517698,7856
7,118517698,118521974,4276
7,120711648,120721194,9546
7,120711698,120721188,9490
7,121011715,121016625,4910
7,121224971,121226677,1706
7,121225235,121226677,1442
7,121225235,121226677,1442
7,121349711,121355215,5504
7,123480116,123488377,8261
7,123480225,123488561,8336
7,123486808,123488460,1652
7,123586635,123595474,8839
7,123586635,123595471,8836
7,123593102,123594856,1754
7,123597454,123600825,3371
7,123597608,123600825,3217
7,123671169,123673447,2278
7,123672983,123679235,6252
7,123672983,123681300,8317
7,123672983,123682657,9674
7,123673447,123681430,7983
7,123673525,123681300,7775
7,123673597,123682749,9152
7,123673597,123681300,7703
7,123679230,123683094,3864
7,123681083,123683094,2011
7,123681300,123682657,1357
7,123681301,123682657,1356
7,123683094,123684928,1834
7,124148026,124150819,2793
7,124212129,124219564,7435
7,124216473,124222478,6005
7,124865571,124869238,3667
7,124865571,124868313,2742
7,124865571,124869238,3667
7,125099835,125103225,3390
7,125835674,125839380,3706
7,126341399,126342865,1466
7,127143355,127144891,1536
7,127143355,127144891,1536
7,127249135,127253448,4313
7,127249510,127255013,5503
7,127253553,127254770,1217
7,127294423,127296040,1617
7,127294582,127297337,2755
7,127583563,127585589,2026
7,127583563,127586207,2644
7,127583621,127585813,2192
7,127888155,127891993,3838
7,127890452,127892165,1713
7,128373677,128381165,7488
7,128373736,128381183,7447
7,128373736,128381165,7429
7,129230065,129232459,2394
7,129230065,129234780,4715
7,129230076,129232427,2351
7,129232427,129234844,2417
7,129955766,129963533,7767
7,129959969,129963666,3697
7,129960736,129963679,2943
7,129960794,129967249,6455
7,129964003,129965226,1223
7,129967249,129971634,4385
7,130231197,130237676,6479
7,130231512,130237844,6332
7,130231620,130237844,6224
7,130234302,130239597,5295
7,130237844,130240532,2688
7,130240101,130249423,9322
7,130241616,130247719,6103
7,130243732,130248459,4727
7,130243732,130245650,1918
7,130243890,130248459,4569
7,130245607,130252405,6798
7,130247686,130248459,773
7,130247686,130248459,773
7,130318550,130321001,2451
7,130871243,130878505,7262
7,130871246,130873217,1971
7,130871246,130880490,9244
7,130871246,130878505,7259
7,130871939,130878066,6127
7,130872176,130878006,5830
7,130872190,130878458,6268
7,130872190,130880444,8254
7,130873217,130875986,2769
7,130878458,130880490,2032
7,130880832,130882854,2022
7,130931678,130939272,7594
7,130931712,130933183,1471
7,130937610,130940064,2454
7,130940326,130943940,3614
7,130940326,130943134,2808
7,131034790,131037618,2828
7,131035554,131037726,2172
7,131188587,131190386,1799
7,131190181,131197151,6970
7,131190386,131196827,6441
7,131192468,131197151,4683
7,131192639,131197151,4512
7,132076429,132077799,1370
7,132076601,132077799,1198
7,132077051,132085818,8767
7,132077371,132079282,1911
7,132080144,132085917,5773
7,132080144,132085917,5773
7,132184214,132185299,1085
7,132185299,132190282,4983
7,132390331,132391221,890
7,132590204,132594717,4513
7,132590317,132595221,4904
7,132626916,132632429,5513
7,132686378,132688067,1689
7,132730315,132734669,4354
7,132808969,132818317,9348
7,133047639,133052090,4451
7,133170555,133175796,5241
7,133175796,133179679,3883
7,133364634,133372618,7984
7,133370797,133372416,1619
7,133370797,133372416,1619
7,133372618,133381770,9152
7,133376128,133380945,4817
7,133866204,133870150,3946
7,133866204,133871081,4877
7,133940648,133949643,8995
7,134010341,134013683,3342
7,134077240,134079942,2702
7,134077240,134083289,6049
7,134077684,134079934,2250
7,134080727,134083495,2768
7,134080799,134082669,1870
7,134081654,134082669,1015
7,134081779,134083495,1716
7,134081825,134083495,1670
7,134081825,134082722,897
7,134081825,134082669,844
7,134082660,134083495,835
7,134082722,134083495,773
7,134082722,134083495,773
7,134083289,134083495,206
7,134083289,134083495,206
7,134083495,134084604,1109
7,134128840,134138767,9927
7,134131999,134138692,6693
7,135508119,135514025,5906
7,135808608,135812891,4283
7,135818220,135825036,6816
7,135818220,135825036,6816
7,135891358,135894641,3283
7,135892473,135893434,961
7,136329888,136331965,2077
7,137487572,137489446,1874
7,137514240,137521149,6909
7,137514279,137518965,4686
7,137519087,137521149,2062
7,137519087,137522725,3638
7,137693966,137698747,4781
7,137695251,137698793,3542
7,137696664,137702764,6100
7,140410220,140418328,8108
7,140410220,140411962,1742
7,140410220,140418328,8108
7,140410220,140418328,8108
7,140418328,140424792,6464
7,140689112,140691335,2223
7,140894965,140897004,2039
7,141133995,141138924,4929
7,141133995,141142129,8134
7,141514202,141521188,6986
7,141520611,141530511,9900
7,141521188,141530511,9323
7,141523172,141524615,1443
7,141523965,141524615,650
7,141574516,141584150,9634
7,141577463,141584150,6687
7,141577935,141586277,8342
7,141577935,141579165,1230
7,141644194,141648257,4063
7,141827004,141836981,9977
7,141837017,141839852,2835
7,142396553,142398382,1829
7,142397043,142398250,1207
7,142780432,142783016,2584
7,142780432,142781278,846
7,142780639,142783016,2377
7,142782613,142783126,513
7,142782613,142783016,403
7,142899315,142907803,8488
7,142899315,142906224,6909
7,142902512,142906224,3712
7,142902512,142907803,5291
7,142906224,142906839,615
7,143020854,143024559,3705
7,143020854,143024559,3705
7,143407722,143414629,6907
7,143410166,143414629,4463
7,144096471,144097812,1341
7,144530252,144535052,4800
7,144530497,144534925,4428
7,145544980,145546431,1451
7,145711576,145717916,6340
7,145717916,145718035,119
7,145717916,145727278,9362
7,145729052,145729882,830
7,145970969,145973087,2118
7,146238797,146243711,4914
7,146238958,146243711,4753
7,146239175,146243711,4536
7,146240353,146243711,3358
7,146243711,146245181,1470
7,146243853,146244336,483
7,147119386,147124261,4875
7,147335436,147340895,5459
7,147340720,147349174,8454
7,147341297,147349110,7813
7,147349344,147350844,1500
7,147418015,147424483,6468
7,147577678,147578491,813
7,147578856,147582156,3300
7,148455852,148464727,8875
7,150006784,150015821,9037
7,150007067,150015821,8754
7,150007078,150015846,8768
7,150024082,150029758,5676
7,150029347,150032346,2999
7,150029758,150032346,2588
7,150031239,150032346,1107
7,150031239,150032346,1107
7,150032346,150040619,8273
7,150032675,150040619,7944
7,150032724,150041531,8807
7,150874362,150880099,5737
7,152438775,152439438,663
7,152807278,152808868,1590
7,152808868,152810029,1161
7,153177320,153181936,4616
7,153247719,153254597,6878
7,153247719,153252867,5148
7,153842362,153850935,8573
7,154178172,154180660,2488
7,154180652,154185743,5091
7,154180660,154189835,9175
7,154180660,154189835,9175
7,154185760,154186195,435
7,154626320,154627298,978
7,154734686,154738427,3741
7,154738427,154747390,8963
7,155252868,155258374,5506
7,155584919,155590086,5167
7,155589837,155593922,4085
7,155593922,155595012,1090
7,155738467,155743302,4835
7,155738541,155744393,5852
7,155739616,155745191,5575
7,155741770,155743302,1532
7,155743358,155745191,1833
7,155743387,155745191,1804
7,155907923,155911698,3775
7,155959463,155964092,4629
7,156118065,156122494,4429
7,156211307,156216701,5394
7,156211307,156219943,8636
7,156211307,156215556,4249
7,156211307,156217123,5816
7,156211444,156216701,5257
7,156211444,156213970,2526
7,156212689,156213970,1281
7,156212689,156217123,4434
7,156495451,156501462,6011
7,156495900,156501462,5562
7,156668843,156677020,8177
7,157432969,157442175,9206
7,157433014,157440864,7850
7,157435038,157440864,5826
7,157459663,157468745,9082
7,157462757,157468954,6197
7,157463015,157472296,9281
7,157463015,157468954,5939
7,157472460,157473915,1455
7,157473907,157479990,6083
7,157473915,157479904,5989
7,157473931,157479793,5862
7,157580785,157584612,3827
7,157586498,157595600,9102
7,157586500,157595614,9114
7,157586703,157595373,8670
7,157586703,157595600,8897
7,157595614,157600960,5346
7,158103815,158112136,8321
7,158150976,158159780,8804
7,158155341,158159497,4156
7,158749101,158754204,5103
7,158749101,158754143,5042
7,158754434,158755117,683
7,158931852,158935746,3894
7,158931852,158934356,2504
7,158931852,158934356,2504
7,158931852,158939359,7507
7,158932268,158939009,6741
7,158932471,158939359,6888
7,158932471,158939009,6538
7,158935746,158938152,2406
7,158939368,158942425,3057
7,158942425,158945514,3089
7,158942751,158951505,8754
7,158945514,158951505,5991
7,158958726,158960009,1283
7,159408865,159411001,2136
7,159462699,159464586,1887
7,159746403,159749245,2842
7,159747053,159751797,4744
7,159748087,159751797,3710
7,159748318,159751797,3479
7,159751797,159759804,8007
7,159751797,159758030,6233
7,159751797,159757987,6190
7,159847961,159855710,7749
7,159855699,159857239,1540
7,159855710,159857239,1529
7,159855710,159857239,1529
7,159855875,159861187,5312
7,159857140,159857498,358
7,159857140,159861187,4047
7,159857239,159861187,3948
7,159857239,159861187,3948
7,159858481,159861187,2706
7,160028125,160033807,5682
7,160053265,160056480,3215
7,160083745,160092465,8720
7,160227245,160234673,7428
7,160511176,160513995,2819
7,160589379,160596960,7581
7,160593482,160596943,3461
7,160594504,160597133,2629
7,160595432,160600894,5462
7,160597133,160601467,4334
7,160612452,160616922,4470
7,160612789,160615034,2245
7,160773878,160779523,5645
7,160773878,160779523,5645
7,160774193,160778575,4382
7,161063815,161064064,249
7,161286255,161288292,2037
7,161288311,161290601,2290
7,161337977,161347104,9127
7,161346448,161347309,861
7,161346448,161347194,746
7,161347214,161347309,95
7,161347309,161348284,975
7,161347556,161348284,728
7,161434862,161441391,6529
7,161434966,161438823,3857
7,161434966,161441391,6425
7,161434966,161438309,3343
7,161434966,161438844,3878
7,161434978,161436148,1170
7,161436148,161445104,8956
7,161438823,161445104,6281
7,161438823,161443459,4636
7,161438844,161445104,6260
7,161438844,161440551,1707
7,161438999,161441391,2392
7,161612522,161620332,7810
7,161685431,161695221,9790
7,161685533,161695221,9688
7,161685599,161686577,978
7,161801777,161805281,3504
7,161801911,161805235,3324
7,161801911,161805869,3958
7,161801911,161809222,7311
7,161801911,161805281,3370
7,161802074,161809222,7148
7,161802074,161809222,7148
7,161859716,161863846,4130
7,161860900,161864350,3450
7,161860900,161863846,2946
7,161860900,161863846,2946
7,161861234,161864155,2921
7,161903298,161906995,3697
7,161949019,161950601,1582
7,161950886,161954534,3648
7,161950886,161954425,3539
7,161950911,161954525,3614
7,162026554,162032410,5856
7,162066601,162069818,3217
7,162068298,162070243,1945
7,162198070,162202295,4225
7,162259483,162262253,2770
7,162312263,162320809,8546
7,162313613,162315435,1822
7,162315435,162324627,9192
7,162321516,162323952,2436
7,162321565,162324627,3062
7,162321565,162324219,2654
7,162667997,162669261,1264
7,162669081,162671612,2531
7,162711725,162720774,9049
7,162954337,162961948,7611
7,162957561,162959678,2117
7,162959570,162961948,2378
7,162959570,162961616,2046
7,162959678,162962848,3170
7,162959678,162961616,1938
7,162959678,162962138,2460
7,162961616,162962138,522
7,162976349,162977813,1464
7,162976349,162977008,659
7,162977631,162984864,7233
7,162979082,162979902,820
7,162979902,162984864,4962
7,162982801,162989012,6211
7,162987140,162989012,1872
7,162990071,162999105,9034
7,163055748,163057737,1989
7,163789476,163791466,1990
7,163789476,163791466,1990
7,163790458,163791372,914
7,163790528,163793591,3063
7,163790528,163791372,844
7,163930069,163935899,5830
7,163959646,163967764,8118
7,164196570,164201910,5340
7,164196570,164201910,5340
7,164196963,164201389,4426
7,164196963,164199900,2937
7,164196963,164199900,2937
7,164196970,164199900,2930
7,164196970,164199900,2930
7,164201907,164203556,1649
7,164201910,164206029,4119
7,164234694,164239509,4815
7,164773896,164783641,9745
7,164782704,164789640,6936
7,164782781,164785738,2957
7,164785746,164789640,3894
7,164828478,164830868,2390
7,164828636,164833667,5031
7,165197581,165202515,4934
7,165243606,165246222,2616
7,165243940,165246222,2282
7,165246801,165255401,8600
7,165297704,165302626,4922
7,165297704,165302519,4815
7,165297704,165302206,4502
7,165297704,165302338,4634
7,165297704,165302206,4502
7,165297704,165302519,4815
7,165297704,165302244,4540
7,165297704,165301222,3518
7,165297814,165302338,4524
7,165298272,165302206,3934
7,165301222,165302219,997
7,165375409,165375653,244
7,165375694,165384725,9031
7,165460386,165464057,3671
7,165466656,165471350,4694
7,165469194,165471857,2663
7,165471884,165474519,2635
7,165741653,165744688,3035
7,165741918,165746263,4345
7,165741918,165743274,1356
7,165800758,165807368,6610
7,165814845,165819658,4813
7,166160138,166163257,3119
7,166552931,166561755,8824
7,166552931,166556674,3743
7,166552938,166561755,8817
7,166552948,166556623,3675
7,166553957,166561737,7780
7,166699068,166699366,298
7,166744899,166745705,806
7,166745647,166746196,549
7,166746196,166754243,8047
7,166746196,166753782,7586
7,166746221,166754317,8096
7,166845577,166854224,8647
7,166845605,166855430,9825
7,166845605,166855430,9825
7,166852345,166856434,4089
7,166852625,166855430,2805
7,166852625,166858577,5952
7,166852625,166856434,3809
7,166852625,166858805,6180
7,166854224,166858805,4581
7,166854224,166858805,4581
7,166855430,166856434,1004
7,166855430,166856434,1004
7,166956485,166957689,1204
7,166957689,166959054,1365
7,167099833,167103921,4088
7,167143502,167144339,837
7,167343363,167346820,3457
7,167500864,167509579,8715
7,167500864,167509505,8641
7,167502610,167504326,1716
7,167502610,167509579,6969
7,167586172,167590165,3993
7,167621976,167631843,9867
7,167623226,167631423,8197
7,167623253,167631444,8191
7,167627537,167631444,3907
7,167627564,167631423,3859
7,167628376,167635041,6665
7,167811313,167817055,5742
7,167811313,167815089,3776
7,167811313,167814751,3438
7,167811322,167814751,3429
7,167814751,167817055,2304
7,167817055,167822186,5131
7,167817055,167821338,4283
7,167817600,167823185,5585
7,167844074,167853871,9797
7,167976445,167980591,4146
7,167980591,167982654,2063
7,167980640,167982654,2014
7,167981159,167982578,1419
7,167982797,167988304,5507
7,168082063,168087479,5416
7,168082063,168086057,3994
7,168082063,168086057,3994
7,168082146,168084321,2175
7,168082146,168085003,2857
7,168082146,168086057,3911
7,168086057,168087258,1201
7,168274880,168276109,1229
7,168290241,168290473,232
7,168290763,168293814,3051
7,168399576,168404877,5301
7,168400950,168407791,6841
7,168400975,168402254,1279
7,168402254,168409718,7464
7,168402254,168407791,5537
7,168402358,168404877,2519
7,168592266,168595405,3139
7,168786088,168791881,5793
7,169253981,169262984,9003
7,169254071,169257091,3020
7,169254071,169257091,3020
7,169257091,169262984,5893
7,169257156,169262984,5828
7,169257156,169262984,5828
7,169262376,169262984,608
7,169443490,169446143,2653
7,169443490,169445045,1555
7,169445194,169454944,9750
7,169445997,169455815,9818
7,169936178,169937926,1748
7,170030970,170033353,2383
7,170251389,170252499,1110
7,170251389,170252499,1110
7,170251412,170251952,540
7,170251412,170252477,1065
7,170251412,170252499,1087
7,170251419,170252499,1080
7,170385721,170395340,9619
7,170396223,170397000,777
7,170397000,170399004,2004
7,170397000,170398873,1873
7,170496549,170497679,1130
7,170647871,170652105,4234
7,170647871,170652105,4234
7,170818924,170826274,7350
7,170819769,170826274,6505
7,170871452,170879030,7578
7,170989071,170990706,1635
7,170990033,170990706,673
7,170990706,170999731,9025
7,171047638,171049932,2294
7,171047638,171049932,2294
7,171181992,171185180,3188
7,171181992,171190028,8036
7,171485553,171494586,9033
7,171485569,171494586,9017
7,171694938,171704435,9497
7,171695065,171703993,8928
7,171736437,171745352,8915
7,171736464,171745352,8888
7,171736464,171745352,8888
7,171736464,171745352,8888
7,171738941,171745352,6411
7,171739238,171745352,6114
7,171739238,171745352,6114
7,171739238,171745352,6114
7,171820156,171823596,3440
7,172042506,172043367,861
7,172108409,172115360,6951
7,172208140,172208561,421
7,172463579,172469515,5936
7,172488251,172495209,6958
7,172489594,172497008,7414
7,172489594,172496147,6553
7,172489594,172495627,6033
7,172495323,172495874,551
7,172495590,172505387,9797
7,172495875,172502268,6393
7,172496193,172502885,6692
7,172496375,172502280,5905
7,172496639,172502939,6300
7,172496639,172502280,5641
7,172496672,172502963,6291
7,172496909,172502897,5988
7,172497119,172502280,5161
7,172497119,172502963,5844
7,172502939,172512772,9833
7,172505465,172507663,2198
7,172508533,172512765,4232
7,172512218,172512765,547
7,172581457,172582963,1506
7,172581555,172584120,2565
7,172658489,172658909,420
7,172658489,172659333,844
7,172730383,172736886,6503
7,172730383,172736685,6302
7,172736685,172736877,192
7,172736904,172738561,1657
7,172736904,172738990,2086
7,172736904,172737907,1003
7,172736904,172738990,2086
7,172737907,172738417,510
7,172738696,172743770,5074
7,172743650,172750741,7091
7,172931784,172936371,4587
7,172936451,172941038,4587
7,172938989,172947984,8995
7,172938989,172947984,8995
7,172938989,172948345,9356
7,172938989,172948343,9354
7,172941038,172947914,6876
7,172941038,172947984,6946
7,172941038,172948345,7307
7,172941166,172947926,6760
7,172965962,172975420,9458
7,172975310,172975483,173
7,172975483,172979783,4300
7,172975557,172979959,4402
7,172975579,172979959,4380
7,172975885,172980201,4316
7,173075258,173076064,806
7,173149150,173149246,96
7,173176338,173182365,6027
7,173176680,173185087,8407
7,173182252,173187847,5595
7,173186109,173194482,8373
7,173284818,173286229,1411
7,173441882,173448328,6446
7,173441882,173445968,4086
7,173442035,173448496,6461
7,173442035,173445764,3729
7,173442079,173445978,3899
7,173442079,173445978,3899
7,173445204,173446223,1019
7,173515977,173517509,1532
7,173517509,173525328,7819
7,173517584,173525965,8381
7,173517584,173525328,7744
7,173517584,173525328,7744
7,173517584,173525328,7744
7,173525328,173525965,637
7,173525328,173528581,3253
7,173738366,173743516,5150
7,173738366,173743450,5084
7,173738366,173743435,5069
7,173738366,173746828,8462
7,173739985,173746112,6127
7,173739985,173746805,6820
7,173739985,173746805,6820
7,173740094,173743435,3341
7,173740105,173746805,6700
7,173740105,173743516,3411
7,173740105,173746805,6700
7,173743516,173746805,3289
7,173743584,173746777,3193
7,173743585,173746141,2556
7,173743585,173746828,3243
7,173743585,173746805,3220
7,173743585,173746112,2527
7,173746112,173746805,693
7,173746141,173746805,664
7,173797441,173800748,3307
7,173800748,173808074,7326
7,173802167,173807217,5050
7,173802280,173808074,5794
7,173802280,173807634,5354
7,173802280,173807786,5506
7,173803872,173809872,6000
7,173807351,173807876,525
7,173807876,173817873,9997
7,173808074,173817896,9822
7,173810181,173818015,7834
7,173810394,173817896,7502
7,173817959,173821594,3635
7,173818015,173821029,3014
7,173818015,173821599,3584
7,173819996,173821029,1033
7,173952209,173953481,1272
7,174149585,174158636,9051
7,174149585,174158690,9105
7,174149596,174158636,9040
7,174150003,174158539,8536
7,174220078,174229250,9172
7,174331959,174341920,9961
7,174505195,174506421,1226
7,174506421,174515069,8648
7,174512510,174515069,2559
7,174512510,174515604,3094
7,174515579,174517848,2269
7,174532140,174537678,5538
7,174569658,174574635,4977
7,174714703,174717672,2969
7,174745386,174754696,9310
7,174758501,174761592,3091
7,174758925,174760805,1880
7,174995289,174996328,1039
7,175168479,175174754,6275
7,175196970,175206017,9047
7,175196970,175205823,8853
7,175196970,175205823,8853
7,175204517,175206706,2189
7,175286764,175290778,4014
7,175290778,175292043,1265
7,176129318,176136715,7397
8,646165,654993,8828
8,936743,938623,1880
8,1455134,1455871,737
8,1516049,1520826,4777
8,1516049,1520826,4777
8,1516948,1520028,3080
8,1516948,1522401,5453
8,1516948,1520326,3378
8,1519424,1522401,2977
8,1520001,1523939,3938
8,1520001,1520376,375
8,1520001,1523894,3893
8,1520028,1523894,3866
8,1520028,1523000,2972
8,1520028,1522399,2371
8,1520028,1523915,3887
8,1520028,1522401,2373
8,1520028,1522161,2133
8,1520028,1523915,3887
8,1520081,1520231,150
8,1520081,1523915,3834
8,1520326,1523989,3663
8,1520326,1526573,6247
8,1520376,1523894,3518
8,1520376,1523894,3518
8,1522161,1522401,240
8,1522401,1523129,728
8,1823850,1831170,7320
8,1917661,1918546,885
8,2079427,2081242,1815
8,2350307,2353075,2768
8,2416805,2426678,9873
8,2421686,2423950,2264
8,2421686,2424014,2328
8,2511136,2511916,780
8,2511916,2518050,6134
8,3195669,3197927,2258
8,3292463,3297150,4687
8,3292463,3298801,6338
8,3293154,3298665,5511
8,3293154,3301220,8066
8,3293222,3298665,5443
8,3293222,3298684,5462
8,3293222,3298665,5443
8,3293222,3298665,5443
8,3293222,3298665,5443
8,3293222,3297150,3928
8,3293222,3297100,3878
8,3293222,3297100,3878
8,3293308,3297100,3792
8,3293308,3298684,5376
8,3298665,3298770,105
8,3298665,3301064,2399
8,3298684,3301072,2388
8,3485436,3491707,6271
8,3886826,3890836,4010
8,4257315,4258284,969
8,4350672,4360478,9806
8,4350672,4360478,9806
8,4350697,4360369,9672
8,4354085,4360478,6393
8,4354114,4360224,6110
8,4916122,4918291,2169
8,5187224,5191422,4198
8,5330058,5330376,318
8,5330174,5331011,837
8,5530054,5531088,1034
8,5530360,5532316,1956
8,5530360,5531975,1615
8,5530429,5532316,1887
8,5530468,5531088,620
8,5530468,5531088,620
8,5530468,5532316,1848
8,5530468,5531088,620
8,5530514,5531988,1474
8,5531075,5532316,1241
8,5531088,5531988,900
8,5531088,5531975,887
8,5531088,5532316,1228
8,5678863,5679073,210
8,5904923,5911772,6849
8,5904923,5911765,6842
8,5911772,5919239,7467
8,5911817,5919336,7519
8,5911829,5917629,5800
8,5912145,5919336,7191
8,6508179,6512545,4366
8,6508179,6512986,4807
8,6851445,6855181,3736
8,6851611,6859869,8258
8,7035821,7039437,3616
8,8098348,8100322,1974
8,8273693,8282277,8584
8,8273693,8282277,8584
8,8273703,8282179,8476
8,8273703,8282243,8540
8,8274042,8282179,8137
8,8274060,8280127,6067
8,8274073,8282277,8204
8,8274127,8282757,8630
8,8274127,8276409,2282
8,8276164,8285981,9817
8,8285981,8292382,6401
8,8287194,8293119,5925
8,8287194,8290322,3128
8,8287194,8293119,5925
8,8290322,8293616,3294
8,8292382,8301474,9092
8,8293119,8301472,8353
8,8293119,8301633,8514
8,8301474,8305220,3746
8,8301633,8305068,3435
8,8614106,8618865,4759
8,8614217,8616761,2544
8,8614217,8616768,2551
8,8614217,8617106,2889
8,8614299,8615122,823
8,8614912,8617293,2381
8,8615118,8617158,2040
8,8615176,8617263,2087
8,8615176,8617154,1978
8,8615176,8617154,1978
8,8615176,8617203,2027
8,8615237,8617154,1917
8,8615237,8617154,1917
8,8616761,8618865,2104
8,8617154,8618865,1711
8,8882725,8888673,5948
8,8885785,8887701,1916
8,8885803,8887299,1496
8,9965380,9968433,3053
8,9998736,10001159,2423
8,9998736,10001165,2429
8,9998736,10001165,2429
8,9998829,10002224,3395
8,10085339,10092065,6726
8,10090731,10093047,2316
8,10126316,10127874,1558
8,10291181,10298488,7307
8,10291181,10295052,3871
8,10291635,10295052,3417
8,10291712,10295052,3340
8,10291712,10295052,3340
8,10295052,10298670,3618
8,10856619,10863404,6785
8,10857131,10863404,6273
8,10860579,10864005,3426
8,10860579,10863404,2825
8,10860579,10866683,6104
8,10860579,10863404,2825
8,10860579,10863404,2825
8,10860579,10863404,2825
8,10860579,10864042,3463
8,10860579,10863404,2825
8,10863404,10866228,2824
8,11301282,11302190,908
8,11484760,11486380,1620
8,11484789,11486380,1591
8,11503550,11503731,181
8,11528336,11531140,2804
8,11528433,11531244,2811
8,11529072,11535364,6292
8,11568717,11570134,1417
8,11919164,11923792,4628
8,11919265,11923815,4550
8,11919265,11923815,4550
8,12211406,12212060,654
8,12781311,12788578,7267
8,12781312,12787858,6546
8,12847441,12848608,1167
8,12989367,12990933,1566
8,13332849,13339378,6529
8,13370322,13370731,409
8,13370322,13371460,1138
8,13370444,13371462,1018
8,13434344,13443674,9330
8,14063823,14065284,1461
8,14070800,14075303,4503
8,14092974,14098602,5628
8,14589181,14597258,8077
8,14589181,14590584,1403
8,14589399,14597258,7859
8,14594610,14597185,2575
8,14794756,14796187,1431
8,15045679,15045982,303
8,15981330,15988277,6947
8,15981330,15988277,6947
8,15981475,15988413,6938
8,15981475,15986532,5057
8,15981475,15986455,4980
8,15981475,15986551,5076
8,15981475,15986538,5063
8,15981475,15985726,4251
8,15981475,15985156,3681
8,15981475,15985726,4251
8,15981532,15986455,4923
8,15981532,15986532,5000
8,15981532,15986532,5000
8,15981532,15985156,3624
8,15981532,15988277,6745
8,15981532,15985729,4197
8,15981532,15986521,4989
8,15981532,15985726,4194
8,15981532,15986551,5019
8,15981532,15988413,6881
8,15981532,15986455,4923
8,15981532,15986455,4923
8,15981532,15986532,5000
8,15981532,15986455,4923
8,15981532,15988277,6745
8,15981532,15985726,4194
8,15981532,15985726,4194
8,15981532,15985726,4194
8,15981532,15985726,4194
8,15981532,15985726,4194
8,15981532,15986455,4923
8,15981565,15986455,4890
8,15981565,15985156,3591
8,15981565,15988387,6822
8,15981672,15985726,4054
8,15981854,15985726,3872
8,15981854,15985726,3872
8,15981854,15985726,3872
8,15982260,15988277,6017
8,15985156,15994213,9057
8,15985156,15988277,3121
8,15985156,15986551,1395
8,15985729,15988387,2658
8,15988967,15994213,5246
8,16346336,16352911,6575
8,16422779,16432294,9515
8,16422790,16430932,8142
8,16747380,16749600,2220
8,16748854,16756045,7191
8,16748854,16756004,7150
8,16748854,16756045,7191
8,16749600,16757172,7572
8,16756045,16760808,4763
8,16756045,16760808,4763
8,16756045,16757080,1035
8,16756045,16757080,1035
8,16760635,16770486,9851
8,16851428,16851540,112
8,16851437,16854564,3127
8,16851437,16854519,3082
8,16851437,16852234,797
8,16851540,16853492,1952
8,16851540,16854564,3024
8,16853492,16854392,900
8,16853492,16854392,900
8,17056041,17059139,3098
8,17059199,17067757,8558
8,17059199,17067744,8545
8,17066873,17069800,2927
8,17067744,17069822,2078
8,17067744,17068544,800
8,17067768,17069800,2032
8,17067768,17069637,1869
8,17389230,17393212,3982
8,17389230,17393212,3982
8,18231507,18231723,216
8,18349604,18350738,1134
8,18349937,18350213,276
8,18426831,18433832,7001
8,18444014,18446816,2802
8,18444064,18447140,3076
8,18444064,18447140,3076
8,18444074,18446528,2454
8,18444074,18446816,2742
8,18444074,18446816,2742
8,18447001,18450805,3804
8,18447001,18450805,3804
8,18447144,18450805,3661
8,20079886,20082791,2905
8,20081204,20082791,1587
8,20082791,20084605,1814
8,20514452,20516303,1851
8,21816860,21817246,386
8,21846065,21847434,1369
8,21846065,21847291,1226
8,21865355,21874229,8874
8,21865355,21874229,8874
8,21907246,21907657,411
8,21907657,21909912,2255
8,21907657,21910800,3143
8,22504293,22510425,6132
8,22506457,22510428,3971
8,22641473,22644738,3265
8,22678764,22683219,4455
8,22679156,22684574,5418
8,22681619,22683219,1600
8,22821878,22830347,8469
8,22822347,22826199,3852
8,22826270,22830347,4077
8,22826270,22830347,4077
8,22842739,22844307,1568
8,23419131,23423598,4467
8,23424735,23427828,3093
8,23770200,23776937,6737
8,26858701,26859092,391
8,27643643,27648881,5238
8,28163076,28164353,1277
8,37807702,37810896,3194
8,66097880,66102725,4845
8,66405620,66410123,4503
8,78407309,78408386,1077
8,81245257,81247694,2437
8,85122232,85123531,1299
8,95127675,95129885,2210
8,100757890,100763854,5964
8,100991948,100994181,2233
8,101116204,101118462,2258
8,101118462,101124715,6253
8,101118462,101124715,6253
8,101176111,101177070,959
8,102164687,102171804,7117
8,102164687,102171804,7117
8,102707811,102713004,5193
8,102707838,102713004,5166
8,102707891,102713633,5742
8,102710537,102712725,2188
8,105087320,105088281,961
8,105317180,105322358,5178
8,106235144,106237901,2757
8,109950078,109951463,1385
8,111287719,111288471,752
8,113008918,113009629,711
8,116022699,116024500,1801
8,116118304,116119120,816
8,118009048,118010005,957
8,118103597,118104787,1190
8,118161665,118167565,5900
8,119641936,119646326,4390
8,119744283,119747702,3419
8,119934744,119938271,3527
8,120958608,120963130,4522
8,120963130,120969864,6734
8,121890400,121892704,2304
8,123530396,123536901,6505
8,124356949,124363334,6385
8,124646311,124649443,3132
8,124646585,124647358,773
8,124646645,124654189,7544
8,131171241,131176679,5438
8,132874478,132877255,2777
8,133276224,133277375,1151
8,134005735,134012293,6558
8,134062872,134071755,8883
8,134072619,134080585,7966
8,134077236,134080585,3349
8,134729402,134736564,7162
8,135453899,135455309,1410
8,135455227,135456191,964
8,135714585,135716848,2263
8,136039794,136047538,7744
8,136041909,136047538,5629
8,136041909,136047538,5629
8,137041041,137046863,5822
8,138261824,138262586,762
8,138648023,138649759,1736
8,138649118,138658934,9816
8,138660100,138662437,2337
8,139342582,139345979,3397
8,140186191,140192126,5935
8,141949116,141956573,7457
8,142227293,142236800,9507
8,142227463,142236800,9337
8,142227463,142233384,5921
8,142227583,142236800,9217
8,142232509,142236800,4291
8,142236800,142237259,459
8,142477169,142477509,340
8,143151672,143152067,395
8,143152067,143156918,4851
8,145222065,145231413,9348
8,145353689,145354042,353
8,145698377,145698956,579
8,145698377,145699305,928
8,145795246,145797789,2543
8,145960953,145961706,753
8,145961706,145968575,6869
8,145968459,145973520,5061
8,145968459,145973520,5061
8,145968656,145973520,4864
8,145968656,145973445,4789
8,145970816,145973445,2629
8,146060563,146061051,488
8,146148090,146152758,4668
8,146152758,146155643,2885
8,146152758,146154582,1824
8,146181617,146183773,2156
8,146181627,146182075,448
8,146475249,146483206,7957
8,146544729,146554540,9811
8,146544761,146548031,3270
8,146551789,146556194,4405
8,148199010,148200518,1508
8,148676237,148676765,528
8,149073043,149079585,6542
8,149301571,149302246,675
8,149888202,149896054,7852
8,149982735,149983936,1201
8,150141243,150142043,800
8,150561314,150562866,1552
8,150562797,150567645,4848
8,150562797,150571714,8917
8,150562866,150571714,8848
8,150677715,150678143,428
8,150905785,150907788,2003
8,151334373,151338365,3992
8,151338916,151343492,4576
8,151339181,151346544,7363
8,151339258,151343492,4234
8,151339541,151343492,3951
8,151906202,151907688,1486
8,151910030,151919618,9588
8,151910030,151919831,9801
8,152246650,152254517,7867
8,152460436,152460761,325
8,152589115,152591060,1945
8,152589792,152589980,188
8,152591175,152592148,973
8,152969018,152970210,1192
8,153013725,153016763,3038
8,153013773,153015446,1673
8,153015467,153016739,1272
8,153707839,153709633,1794
8,155045432,155053529,8097
8,155081027,155081831,804
8,155439104,155440224,1120
8,155636094,155643869,7775
8,155905562,155906550,988
8,155968675,155975079,6404
8,155975087,155984025,8938
8,156426537,156436526,9989
8,156437027,156441142,4115
8,156469583,156473450,3867
8,156470586,156476235,5649
8,156621736,156626796,5060
8,157375313,157376399,1086
8,157394676,157394753,77
8,157452819,157453407,588
8,157452889,157453407,518
8,157453407,157454388,981
8,157453407,157458567,5160
8,157458567,157465316,6749
8,157458762,157465316,6554
8,157464621,157467091,2470
8,157464621,157467091,2470
8,157465405,157467590,2185
8,157620542,157621216,674
8,157685722,157687929,2207
8,157725545,157730563,5018
8,157725545,157730563,5018
8,157725575,157730779,5204
8,157725575,157730563,4988
8,157728256,157730563,2307
8,157728324,157730563,2239
8,157746158,157753595,7437
8,157746308,157753628,7320
8,157747170,157753595,6425
8,157747170,157753595,6425
8,157747324,157756240,8916
8,157747324,157756240,8916
8,157836205,157836922,717
8,157836205,157836922,717
8,157965185,157970994,5809
8,157970987,157980719,9732
8,157973466,157980719,7253
8,158987471,158991467,3996
8,159009887,159019003,9116
8,159009903,159018984,9081
8,159013843,159019065,5222
8,159013843,159019065,5222
8,159014049,159018780,4731
8,159306606,159309287,2681
8,159381687,159386797,5110
8,159394508,159395004,496
8,159395004,159399215,4211
8,159494911,159498157,3246
8,159792400,159801091,8691
8,159883224,159891288,8064
8,159889078,159898968,9890
8,159889706,159891046,1340
8,159889706,159898968,9262
8,159889706,159899007,9301
8,159951743,159952216,473
8,159951743,159954527,2784
8,159954065,159955681,1616
8,159954065,159955681,1616
8,159984982,159988925,3943
8,159987501,159992737,5236
8,159988925,159992737,3812
8,159988979,159991949,2970
8,160094765,160096912,2147
8,160097092,160103448,6356
8,160099289,160104183,4894
8,160105372,160106386,1014
8,160208220,160208502,282
8,160297858,160298780,922
8,160298809,160299541,732
8,160385326,160388606,3280
8,160385444,160388589,3145
8,160423052,160426085,3033
8,160423297,160425181,1884
8,160531262,160532766,1504
8,161080092,161081078,986
8,161523199,161526702,3503
8,161526702,161532997,6295
8,161526702,161532997,6295
8,161526702,161532997,6295
8,161526702,161532997,6295
8,161526702,161529933,3231
8,161532997,161538564,5567
8,161532997,161533577,580
8,161533577,161536450,2873
8,161533581,161540193,6612
8,161534823,161544570,9747
8,161558685,161560680,1995
8,161625899,161635209,9310
8,161625899,161635209,9310
8,161726467,161734222,7755
8,161726531,161734222,7691
8,162182687,162186280,3593
8,162185607,162186280,673
8,162186280,162191045,4765
8,162186384,162191084,4700
8,162187330,162191045,3715
8,162225921,162228387,2466
8,162532767,162537990,5223
8,162532778,162538035,5257
8,162538069,162541347,3278
8,162539291,162544007,4716
8,162539291,162544126,4835
8,162539291,162545748,6457
8,162539291,162545748,6457
8,162539291,162545748,6457
8,162539291,162545748,6457
8,162539291,162545748,6457
8,162541264,162545748,4484
8,162541302,162545748,4446
8,162543917,162545748,1831
8,162544102,162545748,1646
8,162544102,162552147,8045
8,162544126,162551856,7730
8,162544126,162545748,1622
8,162544126,162550101,5975
8,162544126,162550075,5949
8,162545748,162550101,4353
8,162545748,162551918,6170
8,162551970,162561752,9782
8,162559251,162561740,2489
8,162559307,162563132,3825
8,162560200,162563335,3135
8,162584861,162588298,3437
8,163518129,163521258,3129
8,163901257,163909390,8133
8,163903790,163907508,3718
8,163908088,163912510,4422
8,163908088,163909562,1474
8,163908088,163913143,5055
8,163909562,163912510,2948
8,164013979,164021604,7625
8,164014433,164021604,7171
8,164021604,164027464,5860
8,164039683,164039914,231
8,164039914,164042562,2648
8,164039914,164042679,2765
8,164377462,164379784,2322
8,164377462,164381126,3664
8,164377462,164381126,3664
8,164377462,164381126,3664
8,164377654,164381126,3472
8,164378019,164381126,3107
8,164378522,164381126,2604
8,164378522,164381126,2604
8,164381126,164384450,3324
8,164385268,164387151,1883
8,164434847,164437719,2872
8,164436263,164437741,1478
8,164621689,164624441,2752
8,164623811,164626648,2837
8,164623966,164624486,520
8,164623971,164626679,2708
8,164624094,164631084,6990
8,164624151,164626346,2195
8,164624486,164627079,2593
8,164624486,164626346,1860
8,164626346,164631084,4738
8,164626898,164631081,4183
8,164627079,164631084,4005
8,164736691,164740983,4292
8,164736855,164740983,4128
8,164736944,164738519,1575
8,164736985,164741092,4107
8,164856206,164862671,6465
8,164859898,164868321,8423
8,164865818,164868321,2503
8,164865925,164866616,691
8,164899442,164907392,7950
8,164930350,164936916,6566
8,164930350,164937315,6965
8,164932822,164936916,4094
8,164932822,164937315,4493
8,165171722,165178794,7072
8,165179269,165182780,3511
8,165182695,165183901,1206
8,165234541,165237952,3411
8,165238752,165248401,9649
8,165238764,165241399,2635
8,165238879,165241399,2520
8,165239132,165241399,2267
8,165239161,165241399,2238
8,165263606,165266759,3153
8,165266861,165275826,8965
8,165266922,165275826,8904
8,165266933,165275826,8893
8,165280595,165286045,5450
8,165280612,165286054,5442
8,165403659,165411189,7530
8,165403964,165411704,7740
8,165404683,165411575,6892
8,165404683,165411575,6892
8,165404781,165411575,6794
8,165551442,165552652,1210
8,165552652,165553492,840
8,165584660,165586221,1561
8,165713395,165720311,6916
8,165716720,165724060,7340
8,165719184,165725277,6093
8,165857629,165860248,2619
8,165857629,165859856,2227
8,165871963,165875836,3873
8,165871963,165875836,3873
8,165871963,165876496,4533
8,165871963,165875836,3873
8,165871963,165876496,4533
8,165871963,165875836,3873
8,165871963,165875836,3873
8,165871963,165875836,3873
8,165872297,165875836,3539
8,165875836,165880066,4230
8,166561752,166567116,5364
8,166579596,166579945,349
8,166617580,166617831,251
8,166617831,166622363,4532
8,166621388,166622363,975
8,166621388,166626095,4707
8,166622374,166624931,2557
8,166624231,166632528,8297
8,166624728,166632537,7809
8,166632528,166633829,1301
8,166714321,166714602,281
8,166746884,166746952,68
8,166781021,166783947,2926
8,166781021,166783947,2926
8,166783947,166793266,9319
8,166783947,166793266,9319
8,166783947,166793664,9717
8,166783947,166793664,9717
8,166783947,166793647,9700
8,166783947,166793549,9602
8,166793606,166794786,1180
8,166793664,166795434,1770
8,166793664,166794786,1122
8,166793785,166796086,2301
8,166812435,166812675,240
8,166899001,166902807,3806
8,166911669,166916968,5299
8,167145918,167154820,8902
8,167155333,167158333,3000
8,167222093,167227138,5045
8,167222717,167227138,4421
8,167284006,167287222,3216
8,167284119,167287061,2942
8,167284471,167287061,2590
8,167381169,167384422,3253
8,167381692,167384859,3167
8,167382638,167384225,1587
8,167382638,167384225,1587
8,167454964,167464293,9329
8,167454964,167464293,9329
8,167455782,167464293,8511
8,167777562,167780372,2810
8,167777562,167778174,612
8,167777569,167780372,2803
8,167777578,167780372,2794
8,167778252,167780354,2102
8,167778415,167780775,2360
8,167780775,167783045,2270
8,168008156,168009106,950
8,168009106,168015383,6277
8,168273252,168278064,4812
8,168275496,168277335,1839
8,168275496,168281635,6139
8,168275496,168278064,2568
8,168481949,168482209,260
8,168917615,168923474,5859
8,168917615,168923474,5859
8,168917615,168924748,7133
8,168917615,168923475,5860
8,168920640,168923474,2834
8,168920748,168924766,4018
8,168923483,168925060,1577
8,168924766,168930477,5711
8,168924766,168930477,5711
8,168930370,168937105,6735
8,168930536,168936857,6321
8,168937105,168945041,7936
8,168937107,168941116,4009
8,168940078,168944299,4221
8,168940078,168945041,4963
8,168940100,168941114,1014
8,168940155,168945041,4886
8,168940173,168940857,684
8,168940400,168941116,716
8,168940857,168945041,4184
8,168940878,168944299,3421
8,168940878,168944839,3961
8,168952825,168953158,333
8,168953032,168953158,126
8,169059474,169066923,7449
8,169061455,169064240,2785
8,169061550,169066923,5373
8,169062552,169066914,4362
8,169062665,169066923,4258
8,169065779,169066923,1144
8,169066923,169070717,3794
8,169066923,169071036,4113
8,169066923,169070717,3794
8,169066993,169070717,3724
8,169191342,169192095,753
8,169244701,169253216,8515
8,169244701,169253216,8515
8,169252090,169256433,4343
8,169253394,169256523,3129
8,169253447,169262159,8712
8,169253471,169256523,3052
8,169253471,169262318,8847
8,169253471,169255372,1901
8,169253471,169262318,8847
8,169253648,169262318,8670
8,169255737,169262318,6581
8,169262318,169263999,1681
8,169418811,169424490,5679
8,169418887,169424501,5614
8,169691825,169692964,1139
8,169894066,169901252,7186
8,169894678,169900930,6252
8,169894678,169902798,8120
8,169894678,169901170,6492
8,169894678,169900941,6263
8,169895877,169900938,5061
8,169896524,169902798,6274
8,169896524,169900938,4414
8,169896524,169900930,4406
8,169900916,169902798,1882
8,169900916,169902798,1882
8,169900930,169902798,1868
8,169902798,169912289,9491
8,169902798,169912547,9749
8,170055866,170061939,6073
8,170055866,170060469,4603
8,170056675,170060521,3846
8,170126784,170128603,1819
8,170126815,170136052,9237
8,170127444,170135647,8203
8,170128593,170135604,7011
8,170135644,170136472,828
8,170136517,170139487,2970
8,170160331,170162069,1738
8,170207272,170216613,9341
8,170207272,170211291,4019
8,170210513,170216592,6079
8,170210513,170211764,1251
8,170216655,170224181,7526
8,170216655,170221197,4542
8,170221192,170227114,5922
8,170222978,170227269,4291
8,170224181,170227411,3230
8,170224931,170227411,2480
8,170275703,170277552,1849
8,170275703,170277728,2025
8,170275834,170277728,1894
8,170277728,170279475,1747
8,170277728,170279475,1747
8,170277728,170287066,9338
8,170279475,170287066,7591
8,170279475,170287066,7591
8,170287066,170287438,372
8,170287079,170291355,4276
8,170334662,170340414,5752
8,170334798,170336851,2053
8,170336851,170340414,3563
8,170336851,170340414,3563
8,170352761,170359642,6881
8,170352761,170359802,7041
8,170352780,170360512,7732
8,170353037,170360512,7475
8,170447504,170447954,450
8,170628931,170635684,6753
8,170708103,170709544,1441
8,170768665,170777894,9229
8,170768894,170775577,6683
8,170772023,170777559,5536
8,170772295,170777559,5264
8,170772295,170775587,3292
8,170772468,170777894,5426
8,170775577,170775736,159
8,170775577,170777559,1982
8,170775577,170777377,1800
8,170775587,170782868,7281
8,170775587,170777605,2018
8,170775736,170777559,1823
8,170777559,170780541,2982
8,170777559,170780541,2982
8,170777755,170787669,9914
8,170777772,170787617,9845
8,170777894,170787654,9760
8,170854083,170863845,9762
8,171015687,171017230,1543
8,171016718,171017230,512
8,171170064,171175739,5675
8,171275133,171275602,469
8,171275625,171275905,280
8,171327055,171335832,8777
8,171331657,171335958,4301
8,171402089,171403191,1102
8,171532941,171542360,9419
8,171533134,171542423,9289
8,171534465,171543904,9439
8,171542360,171543904,1544
8,171542854,171543944,1090
8,171564679,171574439,9760
8,171575065,171583258,8193
8,171597499,171598206,707
8,171597499,171607473,9974
8,171598206,171607473,9267
8,171604144,171608818,4674
8,171607473,171609138,1665
8,171607473,171609496,2023
8,171607473,171613347,5874
8,171607473,171609076,1603
8,171607473,171615093,7620
8,171607473,171612810,5337
8,171607473,171613347,5874
8,171607473,171615126,7653
8,171607473,171609138,1665
8,171609076,171612810,3734
8,171609130,171613347,4217
8,171609130,171615126,5996
8,171609496,171612810,3314
8,171612810,171618002,5192
8,171612810,171618016,5206
8,171612810,171618078,5268
8,171613453,171617680,4227
8,171615093,171618016,2923
8,171615128,171624834,9706
8,171615151,171617641,2490
8,171617953,171625360,7407
8,171618002,171625360,7358
8,171618067,171626063,7996
8,171618067,171624976,6909
8,171624834,171626050,1216
8,171624834,171625360,526
8,171624976,171634779,9803
8,171624976,171628883,3907
8,171624998,171625921,923
8,171625694,171628883,3189
8,171625921,171634823,8902
8,171626050,171635061,9011
8,171629434,171634779,5345
8,171634753,171640962,6209
8,171634779,171640873,6094
8,171637784,171639701,1917
8,171637784,171640962,3178
8,171640840,171646180,5340
8,171640962,171646180,5218
8,171709972,171713264,3292
8,171710284,171713272,2988
8,171710284,171713171,2887
8,171710284,171713250,2966
8,171710284,171712955,2671
8,171710284,171713272,2988
8,171710311,171712944,2633
8,171711181,171713272,2091
8,171744894,171745131,237
8,171744894,171750391,5497
8,171744894,171745138,244
8,171745649,171751024,5375
8,171745649,171751024,5375
8,171750392,171751082,690
8,171750392,171755206,4814
8,171755501,171759886,4385
8,171775667,171783017,7350
8,171777700,171786403,8703
8,171783017,171786698,3681
8,171783380,171786698,3318
8,171783450,171786446,2996
8,171803520,171805286,1766
8,171803520,171805511,1991
8,171803545,171805410,1865
8,171803545,171805286,1741
8,171810144,171812396,2252
8,171875644,171877745,2101
8,171875644,171877745,2101
8,171875644,171879249,3605
8,171877741,171885776,8035
8,171877741,171881360,3619
8,171958389,171960609,2220
8,171958442,171960609,2167
8,172217303,172223144,5841
8,172217309,172223144,5835
8,172219194,172223144,3950
8,172219421,172223144,3723
8,172219421,172223144,3723
8,172223144,172227318,4174
8,172223144,172227318,4174
8,172252270,172252771,501
8,172347634,172354507,6873
8,172347799,172352591,4792
8,172348234,172353341,5107
8,172348246,172354486,6240
8,172351213,172352591,1378
8,172352591,172353009,418
8,172352591,172354507,1916
8,172352591,172353421,830
8,172352591,172353460,869
8,172353460,172354507,1047
8,172364430,172364664,234
8,172365298,172365929,631
8,172755954,172763332,7378
8,172755954,172763332,7378
8,172759685,172759813,128
8,173244075,173250827,6752
8,173244075,173252125,8050
8,173317086,173321762,4676
8,173343649,173353588,9939
8,173343649,173346667,3018
8,173343649,173346679,3030
8,173346707,173353681,6974
8,173349989,173353681,3692
8,173389140,173392771,3631
8,173389556,173392771,3215
8,173389746,173392840,3094
8,173409786,173416784,6998
8,173410652,173419723,9071
8,173410652,173419603,8951
8,173410652,173419723,9071
8,173410652,173415547,4895
8,173506549,173515912,9363
8,173607440,173608443,1003
8,173704036,173713614,9578
8,173713614,173715707,2093
8,173846108,173851081,4973
8,173846227,173851055,4828
8,173851667,173856205,4538
8,173864464,173873024,8560
8,173888260,173893831,5571
8,173889845,173893843,3998
8,173920680,173928814,8134
8,173926301,173935479,9178
8,173926301,173930113,3812
8,173926301,173933346,7045
8,173926314,173935433,9119
8,173926411,173926920,509
8,173928229,173931187,2958
8,173928407,173930110,1703
8,173928809,173931187,2378
8,173930219,173933422,3203
8,173931187,173935289,4102
8,173931201,173932738,1537
8,173931351,173935479,4128
8,173933346,173935479,2133
8,173934791,173935479,688
8,173975298,173976329,1031
8,173976329,173977371,1042
8,174215423,174222902,7479
8,174215423,174222902,7479
8,174279806,174285600,5794
8,174279806,174288475,8669
8,174279905,174288511,8606
8,174285600,174288475,2875
8,174285848,174293860,8012
8,174306624,174316462,9838
8,174398658,174400650,1992
8,174398727,174400650,1923
9,1075796,1077356,1560
9,1077401,1077456,55
9,1077476,1079063,1587
9,1328966,1336797,7831
9,1331890,1339000,7110
9,1443913,1447827,3914
9,1587620,1590534,2914
9,1587732,1587939,207
9,1587732,1590534,2802
9,2204297,2213924,9627
9,2204297,2212081,7784
9,2212081,2213279,1198
9,2212081,2213279,1198
9,2261923,2270957,9034
9,2332958,2341239,8281
9,2332958,2341239,8281
9,2332958,2341239,8281
9,2340433,2341239,806
9,2472485,2481006,8521
9,2712197,2712700,503
9,3132957,3137176,4219
9,3132957,3137330,4373
9,3310236,3311830,1594
9,3310331,3311830,1499
9,3310848,3311830,982
9,3311830,3312622,792
9,4289883,4292438,2555
9,4290049,4292438,2389
9,4290224,4292723,2499
9,4290930,4293681,2751
9,4290942,4292438,1496
9,4291029,4293681,2652
9,4331767,4336202,4435
9,4504146,4507565,3419
9,4504146,4507514,3368
9,4528326,4532501,4175
9,4652029,4652680,651
9,5076334,5080030,3696
9,5080298,5084919,4621
9,5285763,5292750,6987
9,5447801,5455309,7508
9,5455309,5460613,5304
9,5877416,5878398,982
9,6997875,6999750,1875
9,7266770,7268409,1639
9,7869380,7870056,676
9,7956090,7965604,9514
9,7956100,7965604,9504
9,8015497,8017009,1512
9,8425655,8433911,8256
9,8425655,8433724,8069
9,8425655,8433724,8069
9,8425716,8429211,3495
9,8429211,8433724,4513
9,8429284,8433747,4463
9,8429287,8433747,4460
9,8457350,8459431,2081
9,8955610,8957152,1542
9,8957152,8965879,8727
9,8965713,8971534,5821
9,8965747,8972611,6864
9,8965879,8973306,7427
9,8971534,8973576,2042
9,8974995,8975158,163
9,9599297,9601937,2640
9,10629172,10629309,137
9,11067255,11073086,5831
9,11073086,11080460,7374
9,11073261,11080475,7214
9,11156153,11165937,9784
9,11156153,11162226,6073
9,11162250,11165937,3687
9,11453455,11460805,7350
9,11494616,11501839,7223
9,11555411,11562651,7240
9,11555411,11562651,7240
9,11555411,11557152,1741
9,11555411,11562567,7156
9,11557152,11562819,5667
9,11557946,11562715,4769
9,11557946,11562567,4621
9,11730879,11732448,1569
9,11733179,11738830,5651
9,11738869,11746495,7626
9,11738869,11746495,7626
9,11739008,11746917,7909
9,11746583,11749699,3116
9,11746583,11749874,3291
9,11746588,11749874,3286
9,11746906,11749657,2751
9,11775297,11779542,4245
9,11776642,11779542,2900
9,12106484,12110820,4336
9,12324421,12333719,9298
9,12324457,12330408,5951
9,12327297,12333801,6504
9,12330370,12333835,3465
9,12330370,12333655,3285
9,12331851,12333719,1868
9,12333736,12333862,126
9,12598505,12598566,61
9,12598628,12599819,1191
9,12598659,12598903,244
9,12795426,12802004,6578
9,12796998,12801958,4960
9,12797574,12801963,4389
9,12797574,12801963,4389
9,13460777,13463047,2270
9,13482245,13486822,4577
9,13755136,13759437,4301
9,13755206,13759437,4231
9,13755206,13759437,4231
9,13755206,13759437,4231
9,13759437,13762136,2699
9,13928290,13929013,723
9,13994035,14000150,6115
9,14312507,14321451,8944
9,14315050,14316293,1243
9,14315143,14319722,4579
9,14316293,14321451,5158
9,14316293,14319722,3429
9,14316344,14319272,2928
9,14316401,14319722,3321
9,14316401,14319722,3321
9,14316401,14319722,3321
9,14319722,14321451,1729
9,14319862,14324361,4499
9,14319862,14324361,4499
9,14319862,14324343,4481
9,14319862,14321451,1589
9,14455422,14458469,3047
9,14455422,14458469,3047
9,14455422,14458701,3279
9,14455422,14458469,3047
9,14455473,14456324,851
9,14540438,14547663,7225
9,14840440,14849377,8937
9,14840548,14849377,8829
9,15358004,15366354,8350
9,15358004,15364645,6641
9,15358187,15364765,6578
9,15358187,15366352,8165
9,15358187,15363905,5718
9,15360639,15364645,4006
9,15360639,15364645,4006
9,15363905,15364645,740
9,15364692,15366362,1670
9,15364765,15366352,1587
9,15364767,15368655,3888
9,15366352,15367953,1601
9,15366352,15367953,1601
9,15608559,15617179,8620
9,15617179,15617683,504
9,15617179,15617683,504
9,15617179,15617683,504
9,15617179,15617633,454
9,16249047,16253716,4669
9,16249107,16253663,4556
9,16249567,16253663,4096
9,16249934,16253806,3872
9,16249934,16253663,3729
9,16318571,16320255,1684
9,16318571,16322321,3750
9,16725453,16731852,6399
9,16725453,16728408,2955
9,16725458,16728498,3040
9,16727370,16730918,3548
9,16728408,16732070,3662
9,16728408,16732070,3662
9,16728498,16731852,3354
9,16730918,16731852,934
9,16730918,16731852,934
9,16730918,16731852,934
9,18328743,18332591,3848
9,18328743,18330678,1935
9,18329501,18331735,2234
9,18330281,18332570,2289
9,18330281,18331831,1550
9,18330678,18335081,4403
9,18331735,18335124,3389
9,18332570,18335124,2554
9,18881858,18889866,8008
9,18881858,18888032,6174
9,18881858,18888032,6174
9,18881858,18888032,6174
9,18881858,18888260,6402
9,18881858,18888260,6402
9,18881858,18888260,6402
9,18881858,18888260,6402
9,18881858,18888260,6402
9,18881858,18888260,6402
9,18881858,18888260,6402
9,18881895,18883325,1430
9,18881895,18884039,2144
9,18881895,18889986,8091
9,18881895,18884039,2144
9,18881895,18884039,2144
9,18881895,18884637,2742
9,18881895,18888260,6365
9,18881895,18884039,2144
9,18883212,18888032,4820
9,18883212,18884039,827
9,18883212,18884039,827
9,18883212,18888711,5499
9,18883212,18884248,1036
9,18884039,18888032,3993
9,18884039,18884637,598
9,18884039,18884637,598
9,18884039,18889866,5827
9,18884039,18888309,4270
9,18884039,18888309,4270
9,18884637,18888309,3672
9,18884637,18888032,3395
9,18884637,18889866,5229
9,18884637,18888032,3395
9,19533785,19534801,1016
9,19534811,19537875,3064
9,19798961,19802119,3158
9,19798961,19802119,3158
9,19924229,19932716,8487
9,20310974,20311390,416
9,20324957,20334285,9328
9,20325328,20331074,5746
9,20334285,20338224,3939
9,20459643,20467522,7879
9,20459643,20462665,3022
9,20470713,20472742,2029
9,20587259,20593072,5813
9,20587734,20597014,9280
9,20752017,20755561,3544
9,20822939,20828494,5555
9,20858282,20867831,9549
9,20864133,20868661,4528
9,20865558,20868661,3103
9,20865558,20868661,3103
9,20868661,20869971,1310
9,20902207,20906862,4655
9,20902223,20906862,4639
9,21813372,21820218,6846
9,21813372,21820218,6846
9,21813372,21820218,6846
9,21816858,21820218,3360
9,21816858,21820218,3360
9,21965165,21970714,5549
9,22098035,22106218,8183
9,22101536,22106263,4727
9,22105207,22106217,1010
9,23258625,23258826,201
9,23258826,23262972,4146
9,23278187,23280272,2085
9,23278200,23283681,5481
9,23279629,23280347,718
9,23451366,23455447,4081
9,23453544,23455447,1903
9,23455221,23455447,226
9,23521799,23528034,6235
9,23522014,23528856,6842
9,23525997,23528856,2859
9,23528856,23531027,2171
9,23528856,23530973,2117
9,23530973,23539810,8837
9,24196325,24197750,1425
9,24458812,24465374,6562
9,24465374,24469424,4050
9,24470332,24472302,1970
9,24483003,24486980,3977
9,24597608,24598349,741
9,25068266,25074701,6435
9,25068285,25070435,2150
9,25520151,25523814,3663
9,25720890,25727798,6908
9,25816671,25821037,4366
9,25922534,25928519,5985
9,26595716,26603025,7309
9,26603091,26611408,8317
9,26611413,26618598,7185
9,26618598,26628455,9857
9,26630774,26637554,6780
9,26818508,26826741,8233
9,26819611,26826741,7130
9,26819749,26826741,6992
9,26819749,26826727,6978
9,26820063,26823381,3318
9,26820300,26826656,6356
9,26820300,26826727,6427
9,26820300,26822011,1711
9,26823381,26831549,8168
9,26826741,26828478,1737
9,26826741,26831517,4776
9,26831517,26831903,386
9,26895631,26896711,1080
9,31206250,31210328,4078
9,58141249,58141722,473
9,88648137,88648923,786
9,88792129,88800807,8678
9,89811890,89813405,1515
9,96188970,96197550,8580
9,96191444,96197550,6106
9,98433832,98435741,1909
9,98488046,98491870,3824
9,98680703,98687107,6404
9,99036004,99037871,1867
9,99076912,99076956,44
9,99076956,99083878,6922
9,100684780,100685877,1097
9,100884407,100886740,2333
9,101199020,101203297,4277
9,101387914,101391999,4085
9,102934114,102939463,5349
9,102962618,102963323,705
9,104884202,104885904,1702
9,105252479,105253087,608
9,108288934,108296473,7539
9,108294339,108296473,2134
9,108343944,108350229,6285
9,108344355,108345648,1293
9,108345669,108351916,6247
9,108508573,108510377,1804
9,110493640,110495163,1523
9,112333121,112339286,6165
9,113058977,113061733,2756
9,113599565,113603445,3880
9,115380317,115389772,9455
9,115952760,115955684,2924
9,116241056,116244464,3408
9,116262442,116266217,3775
9,117306332,117309793,3461
9,117307721,117309066,1345
9,117324143,117326961,2818
9,119304749,119311513,6764
9,119970771,119973362,2591
9,120250031,120251910,1879
9,120414692,120416130,1438
9,122943349,122950326,6977
9,122945146,122954612,9466
9,122945146,122954612,9466
9,122954697,122956589,1892
9,124758295,124760961,2666
9,126717966,126722776,4810
9,126933739,126936097,2358
9,126934378,126936097,1719
9,127286568,127289268,2700
9,127287385,127289268,1883
9,127289268,127295747,6479
9,127294112,127295747,1635
9,127647603,127650857,3254
9,127852836,127858996,6160
9,127853032,127854226,1194
9,127853035,127854226,1191
9,128094033,128103545,9512
9,128123300,128127276,3976
9,128648352,128655810,7458
9,128656062,128661562,5500
9,128723315,128726591,3276
9,129185786,129188595,2809
9,129185786,129187941,2155
9,130089518,130093254,3736
9,130090437,130096857,6420
9,130851993,130860644,8651
9,130920026,130928429,8403
9,130920082,130925771,5689
9,131520433,131523269,2836
9,131520433,131523269,2836
9,131874222,131876459,2237
9,131875922,131876489,567
9,132813278,132818775,5497
9,133503946,133507140,3194
9,133503946,133507140,3194
9,133505277,133506993,1716
9,133505277,133506993,1716
9,133582422,133585532,3110
9,133885835,133887815,1980
9,133885835,133890002,4167
9,133885835,133887742,1907
9,133934630,133939780,5150
9,134292257,134295149,2892
9,134558373,134567560,9187
9,134567073,134572448,5375
9,134567156,134572448,5292
9,134567696,134572448,4752
9,134567763,134572448,4685
9,135271568,135273064,1496
9,135857353,135865712,8359
9,135857353,135864421,7068
9,135857353,135860135,2782
9,135860168,135864421,4253
9,135860282,135864067,3785
9,135891509,135891894,385
9,136019942,136025636,5694
9,136177542,136180670,3128
9,136177542,136180956,3414
9,136558920,136560687,1767
9,136698040,136701952,3912
9,136770405,136780354,9949
9,136888508,136889042,534
9,136904570,136907029,2459
9,136904570,136907029,2459
9,136904570,136907029,2459
9,136907029,136915966,8937
9,136916012,136919810,3798
9,136924349,136925774,1425
9,137089331,137093143,3812
9,137335716,137344445,8729
9,137350537,137352257,1720
9,137351336,137351907,571
9,137353130,137355155,2025
9,137492233,137493976,1743
9,137633533,137634078,545
9,137784040,137786081,2041
9,138240158,138245595,5437
9,138242323,138243115,792
9,138304650,138306442,1792
9,138304698,138310549,5851
9,138304698,138310549,5851
9,138306297,138310549,4252
9,138306331,138310827,4496
9,138306331,138310827,4496
9,138306422,138310549,4127
9,138306442,138310549,4107
9,138306442,138310827,4385
9,138306511,138310549,4038
9,138706551,138709542,2991
9,138764751,138771740,6989
9,138764909,138771344,6435
9,138798459,138800367,1908
9,138880834,138885400,4566
9,138892225,138900882,8657
9,138892232,138899602,7370
9,139695773,139700833,5060
9,139742356,139748440,6084
9,139742356,139748374,6018
9,139750302,139760274,9972
9,139751431,139759289,7858
9,139757000,139759289,2289
9,139757607,139766235,8628
9,139759289,139761532,2243
9,139759289,139761532,2243
9,139836125,139839671,3546
9,139839671,139844430,4759
9,139839784,139844275,4491
9,139839784,139844275,4491
9,139931727,139932527,800
9,139931727,139932107,380
9,139932107,139932784,677
9,139932518,139942270,9752
9,139932518,139942270,9752
9,139932527,139942192,9665
9,139932778,139942192,9414
9,140023549,140024045,496
9,140345575,140353844,8269
9,140345584,140347350,1766
9,140345715,140348833,3118
9,140347265,140353844,6579
9,140347725,140353844,6119
9,140348460,140353844,5384
9,140348460,140353844,5384
9,140348533,140353844,5311
9,140348533,140355772,7239
9,140348533,140355772,7239
9,140348833,140355772,6939
9,140348948,140353844,4896
9,140349277,140353844,4567
9,140349277,140353844,4567
9,140776120,140780701,4581
9,140780885,140782860,1975
9,141435167,141437265,2098
9,141476072,141479259,3187
9,141476072,141477842,1770
9,141477352,141479259,1907
9,141477352,141477842,490
9,141477392,141479259,1867
9,141477423,141479259,1836
9,141534962,141537846,2884
9,141534977,141537849,2872
9,141534977,141539688,4711
9,141537846,141546387,8541
9,141537846,141544629,6783
9,141537846,141546387,8541
9,141537846,141539259,1413
9,141537846,141544720,6874
9,141538068,141539585,1517
9,141538068,141539585,1517
9,141538087,141539259,1172
9,141538087,141539259,1172
9,141539259,141546387,7128
9,141539331,141546387,7056
9,141539331,141544636,5305
9,141539331,141544636,5305
9,141539385,141544610,5225
9,141539385,141544610,5225
9,141539496,141546387,6891
9,141539688,141543371,3683
9,141540180,141545947,5767
9,142202179,142211295,9116
9,142206958,142211295,4337
9,142470352,142475069,4717
9,142470352,142473387,3035
9,142470352,142475023,4671
9,142746277,142755873,9596
9,142746277,142755115,8838
9,142746339,142755185,8846
9,142746339,142747442,1103
9,142746339,142755115,8776
9,142747442,142755115,7673
9,142747442,142753134,5692
9,142747442,142755873,8431
9,142747442,142753134,5692
9,142752808,142754321,1513
9,142752808,142755873,3065
9,142753134,142755873,2739
9,142753134,142755115,1981
9,142918939,142919072,133
9,142918950,142928469,9519
9,142919057,142928675,9618
9,142927653,142928829,1176
9,142928469,142932257,3788
9,142936233,142945936,9703
9,142945410,142945936,526
9,143037428,143039295,1867
9,143166197,143175178,8981
9,143166336,143176022,9686
9,143166382,143175507,9125
9,143166592,143175466,8874
9,143166592,143175604,9012
9,143167697,143177138,9441
9,143167697,143177138,9441
9,143167697,143177138,9441
9,143167697,143177138,9441
9,143167697,143177138,9441
9,143167697,143177138,9441
9,143172472,143175904,3432
9,143175178,143175466,288
9,143175936,143177138,1202
9,143175936,143177138,1202
9,143178086,143187402,9316
9,143860395,143866063,5668
9,143862931,143866051,3120
9,143887228,143894855,7627
9,143887228,143891858,4630
9,143887228,143891858,4630
9,143887228,143891858,4630
9,143887228,143889458,2230
9,143887228,143891841,4613
9,143887770,143889458,1688
9,143887770,143891858,4088
9,143889561,143894855,5294
9,144034343,144038812,4469
9,144527956,144531658,3702
9,144612190,144614945,2755
9,144612494,144613933,1439
9,144788740,144790369,1629
9,144795341,144802172,6831
9,144795936,144800795,4859
9,144796339,144800721,4382
9,144802172,144807109,4937
9,144804071,144811679,7608
9,144804076,144810187,6111
9,144809434,144811809,2375
9,144991960,144993218,1258
9,145059327,145063355,4028
9,145060174,145063355,3181
9,145060309,145063442,3133
9,145063442,145067640,4198
9,145064002,145064793,791
9,145064002,145068212,4210
9,145064002,145068212,4210
9,145064002,145067640,3638
9,145156483,145164729,8246
9,145168166,145177943,9777
9,145177244,145177943,699
9,145333832,145337394,3562
9,145335694,145336458,764
9,145336458,145345062,8604
9,145336458,145337649,1191
9,145336950,145344961,8011
9,145347519,145347658,139
9,145512286,145513350,1064
9,145512371,145514069,1698
9,145513466,145520359,6893
9,145770205,145775523,5318
9,146227470,146228607,1137
9,146332655,146336072,3417
9,146336185,146341643,5458
9,146528053,146529142,1089
9,146528053,146529142,1089
9,146528104,146529660,1556
9,146673658,146679170,5512
9,146673658,146678424,4766
9,146709218,146718071,8853
9,146813970,146816465,2495
9,146872957,146873830,873
9,147137465,147144151,6686
9,147139431,147144947,5516
9,147143319,147144947,1628
9,147145025,147152894,7869
9,147145029,147152269,7240
9,147152269,147157987,5718
9,147335912,147336967,1055
9,147468605,147469332,727
9,147468612,147469181,569
9,147500235,147505906,5671
9,147546064,147546924,860
9,147629322,147634542,5220
9,147631589,147635461,3872
9,147631589,147635461,3872
9,147631589,147635461,3872
9,147631589,147635461,3872
9,147635461,147643132,7671
9,147651830,147657721,5891
9,147688824,147695668,6844
9,147797695,147800200,2505
9,147798272,147800949,2677
9,147981840,147983640,1800
9,147981866,147982570,704
9,147981866,147983722,1856
9,148200038,148206799,6761
9,149246269,149248039,1770
9,149382214,149382357,143
9,149444978,149454893,9915
9,149444978,149454893,9915
9,149452893,149456348,3455
9,149453014,149457582,4568
9,149453014,149456348,3334
9,149454892,149457546,2654
9,149456348,149457524,1176
9,149456376,149457524,1148
9,149457665,149458910,1245
9,149526011,149529709,3698
9,149542717,149544352,1635
9,149544346,149551922,7576
9,149544346,149551676,7330
9,149544352,149551676,7324
9,149545778,149551676,5898
9,149545778,149551676,5898
9,149726151,149733927,7776
9,149745455,149751693,6238
9,149745533,149748025,2492
9,149748025,149751394,3369
9,149748025,149751040,3015
9,149748399,149751040,2641
9,149751103,149751693,590
9,149751103,149759727,8624
9,149751349,149758204,6855
9,149751349,149759727,8378
9,149751380,149758506,7126
9,149752641,149753022,381
9,149753022,149758500,5478
9,149753022,149759609,6587
9,149753022,149758093,5071
9,149753022,149758506,5484
9,149758081,149759246,1165
9,149758081,149759609,1528
9,149758093,149759727,1634
9,150486995,150491284,4289
9,150819848,150827310,7462
9,150826367,150836179,9812
9,150836225,150841672,5447
9,151141978,151147448,5470
9,151175425,151176134,709
9,151247852,151251149,3297
9,151248655,151252039,3384
9,151251800,151259908,8108
9,151251929,151260239,8310
9,151251929,151260694,8765
9,151261085,151265195,4110
9,151273517,151282539,9022
9,151273555,151279615,6060
9,151276255,151283628,7373
9,151282271,151285764,3493
9,151282344,151285879,3535
9,151282531,151289598,7067
9,151282531,151284988,2457
9,151282531,151285764,3233
9,151282531,151289741,7210
9,151282584,151289598,7014
9,151282584,151285764,3180
9,151282865,151285764,2899
9,151285840,151287127,1287
9,151286668,151289741,3073
9,151365909,151366161,252
9,151366213,151367748,1535
9,151400843,151400944,101
9,151480064,151482354,2290
9,151566287,151573448,7161
9,151566554,151573423,6869
9,151566554,151568418,1864
9,151566629,151573448,6819
9,151566669,151573423,6754
9,151566669,151573423,6754
9,151566669,151569331,2662
9,151569062,151572795,3733
9,151569337,151575936,6599
9,151630902,151633200,2298
9,151630902,151633352,2450
9,151630902,151634101,3199
9,151630902,151634075,3173
9,151631211,151634101,2890
9,151631615,151634075,2460
9,151634101,151642353,8252
9,151644481,151654312,9831
9,151652452,151655201,2749
9,151652452,151662401,9949
9,151654312,151662884,8572
9,151654313,151661587,7274
9,151654595,151662401,7806
9,151654783,151663048,8265
9,151654785,151661587,6802
9,151655201,151661597,6396
9,151655300,151663094,7794
9,151661381,151662884,1503
9,151661597,151662884,1287
9,151661597,151662844,1247
9,151661597,151662871,1274
9,151662884,151670033,7149
9,151663048,151665830,2782
9,151663094,151665830,2736
9,151663345,151670033,6688
9,151663364,151665830,2466
9,151665830,151667986,2156
9,151665830,151666234,404
9,151727009,151732812,5803
9,151969871,151976812,6941
9,151969871,151976767,6896
9,151976831,151978381,1550
9,151976920,151986052,9132
9,151978236,151986002,7766
9,151978236,151986052,7816
9,151978309,151987537,9228
9,151978309,151987611,9302
9,151978309,151987611,9302
9,151978414,151987537,9123
9,151978414,151986052,7638
9,151978453,151986002,7549
9,151978453,151987611,9158
9,151979515,151987537,8022
9,151979561,151986052,6491
9,151979561,151986052,6491
9,151979591,151987537,7946
9,151979648,151987537,7889
9,151979704,151987537,7833
9,151979706,151988953,9247
9,151987625,151993164,5539
9,152043744,152047884,4140
9,152049003,152057591,8588
9,152055214,152057591,2377
9,152056366,152058760,2394
9,152057701,152058760,1059
9,152135166,152137965,2799
9,152205339,152206319,980
9,152259158,152267050,7892
9,152259849,152263474,3625
9,152261920,152267050,5130
9,152435847,152441112,5265
9,152435847,152445031,9184
9,152435847,152445031,9184
9,152440489,152445031,4542
9,152440489,152445031,4542
9,152440517,152445031,4514
9,152440517,152445031,4514
9,152441112,152445031,3919
9,152441112,152445031,3919
9,152441112,152445031,3919
9,152453895,152459590,5695
9,152481349,152487932,6583
9,152481349,152483894,2545
9,152481349,152486338,4989
9,152481349,152490072,8723
9,152481349,152481894,545
9,152481531,152483797,2266
9,152481894,152483894,2000
9,152481894,152485477,3583
9,152483792,152487920,4128
9,152483894,152486464,2570
9,152486344,152490072,3728
9,152642606,152649765,7159
9,152644547,152649983,5436
9,152644586,152653251,8665
9,152645960,152649765,3805
9,152649765,152653157,3392
9,152650050,152653157,3107
9,152794560,152804171,9611
9,152819690,152824259,4569
9,152858997,152862026,3029
9,152859284,152861359,2075
9,153161506,153165556,4050
9,153186948,153191467,4519
9,153186948,153191467,4519
9,153186948,153191467,4519
9,153187514,153191750,4236
9,153188380,153194002,5622
9,153188421,153191467,3046
9,153188421,153191108,2687
9,153188453,153191467,3014
9,153188453,153194329,5876
9,153191467,153193980,2513
9,153214180,153223374,9194
9,153413532,153419280,5748
9,153419278,153428885,9607
9,153422746,153428065,5319
9,153422776,153430982,8206
9,153422842,153428065,5223
9,153427516,153428885,1369
9,153428065,153435948,7883
9,153428867,153437110,8243
9,153428867,153435887,7020
9,153434917,153437110,2193
9,153434917,153435948,1031
9,153435011,153435887,876
9,153435011,153435887,876
9,153435013,153435887,874
9,153435948,153437110,1162
9,153435948,153437194,1246
9,153435949,153437194,1245
9,153446417,153449073,2656
9,153452985,153456977,3992
9,153452985,153457148,4163
9,153452985,153457572,4587
9,153482693,153485869,3176
9,153484204,153488977,4773
9,153485507,153485883,376
9,153508466,153511263,2797
9,153508466,153517740,9274
9,153508466,153510004,1538
9,153508917,153509577,660
9,153510004,153511263,1259
9,153511305,153519239,7934
9,153519239,153525495,6256
9,153519828,153522614,2786
9,153522609,153525495,2886
9,153522609,153527074,4465
9,153525495,153532355,6860
9,153525537,153530888,5351
9,153525537,153533012,7475
9,153525537,153527074,1537
9,153525537,153527074,1537
9,153525537,153533757,8220
9,153527074,153530997,3923
9,153527113,153533934,6821
9,153530997,153532355,1358
9,153530997,153533027,2030
9,153531104,153533799,2695
9,153668088,153673687,5599
9,153668088,153673822,5734
9,153673822,153674140,318
9,153750431,153752135,1704
9,153841279,153848956,7677
9,153841303,153848694,7391
9,153841612,153844399,2787
9,153841612,153844165,2553
9,153841657,153844165,2508
9,153843468,153848694,5226
9,153844352,153853396,9044
9,154016072,154018203,2131
9,154016072,154020846,4774
9,154016072,154024869,8797
9,154018203,154024857,6654
9,154018289,154023846,5557
9,154019034,154020846,1812
9,154020790,154030446,9656
9,154020846,154024857,4011
9,154025029,154030446,5417
9,154025180,154030446,5266
9,154308134,154309252,1118
9,154309254,154313536,4282
9,154335707,154337762,2055
9,154366744,154375732,8988
9,154366744,154375731,8987
9,154366744,154367143,399
9,154367148,154375732,8584
9,154367211,154376160,8949
9,154376160,154377715,1555
9,154376160,154377715,1555
9,154457259,154459808,2549
9,154457259,154460563,3304
9,154457259,154460563,3304
9,154457259,154460644,3385
9,154459808,154460563,755
9,154544975,154545407,432
9,154545387,154545723,336
9,154601426,154602408,982
9,154602498,154604641,2143
9,154641024,154641770,746
9,154641236,154647535,6299
9,155282775,155284957,2182
9,155282802,155284957,2155
9,155282802,155284957,2155
10,1279463,1283623,4160
10,1719560,1727328,7768
10,1877056,1883750,6694
10,1877143,1883704,6561
10,1877811,1884045,6234
10,1877811,1883748,5937
10,1883704,1888643,4939
10,1883817,1888234,4417
10,1883857,1888234,4377
10,1883857,1888643,4786
10,1884045,1888234,4189
10,1902625,1909310,6685
10,1902625,1909310,6685
10,1902625,1910934,8309
10,1905197,1911323,6126
10,1909499,1909572,73
10,1909499,1916581,7082
10,1909554,1916581,7027
10,1909572,1917171,7599
10,1911323,1916621,5298
10,1916509,1925660,9151
10,1917171,1925660,8489
10,1917171,1926902,9731
10,1917171,1926902,9731
10,1917171,1926902,9731
10,1945825,1948107,2282
10,1946446,1948107,1661
10,2031779,2035068,3289
10,2034949,2035056,107
10,2035068,2037072,2004
10,2035114,2043773,8659
10,2035147,2044119,8972
10,2035147,2036999,1852
10,2035147,2039132,3985
10,2035147,2043773,8626
10,2036163,2044119,7956
10,2036163,2044119,7956
10,2127427,2130765,3338
10,2127427,2133475,6048
10,2127427,2130765,3338
10,2127427,2130765,3338
10,2127427,2132276,4849
10,2127427,2133158,5731
10,2127427,2132276,4849
10,2127427,2133475,6048
10,2127427,2133475,6048
10,2133486,2140542,7056
10,2133486,2140542,7056
10,2133486,2140536,7050
10,2133486,2140542,7056
10,2226970,2228346,1376
10,2227003,2230519,3516
10,2227003,2230519,3516
10,2227480,2228460,980
10,2255983,2258646,2663
10,2256100,2260798,4698
10,2257612,2260798,3186
10,2257612,2260798,3186
10,2402734,2403312,578
10,2456292,2460912,4620
10,2460798,2467122,6324
10,2462259,2467122,4863
10,2462267,2467122,4855
10,2462267,2466399,4132
10,2633552,2633747,195
10,2646505,2648016,1511
10,2646622,2648016,1394
10,2647414,2651064,3650
10,2648016,2648058,42
10,2648016,2651075,3059
10,2648058,2650875,2817
10,2656246,2662764,6518
10,2656770,2662764,5994
10,2656770,2662764,5994
10,2656770,2662764,5994
10,2656770,2662764,5994
10,2761122,2768841,7719
10,2761551,2768841,7290
10,2761551,2768872,7321
10,2761847,2768872,7025
10,2765459,2768853,3394
10,2765459,2768853,3394
10,2765459,2768872,3413
10,2765459,2768872,3413
10,2778096,2782949,4853
10,2778096,2782949,4853
10,2778096,2782224,4128
10,2778096,2782224,4128
10,2778096,2782224,4128
10,2778106,2782923,4817
10,2778106,2782923,4817
10,2778109,2780682,2573
10,2778109,2780682,2573
10,2778109,2782224,4115
10,3061839,3065960,4121
10,3170417,3172968,2551
10,3170417,3173971,3554
10,3170454,3173030,2576
10,3173182,3179069,5887
10,3173971,3182844,8873
10,3179094,3186021,6927
10,3179094,3185722,6628
10,3179094,3185550,6456
10,3179094,3185640,6546
10,3179094,3184150,5056
10,3179094,3185550,6456
10,3179094,3185550,6456
10,3179144,3184118,4974
10,3179144,3185550,6406
10,3179144,3185640,6496
10,3179144,3187528,8384
10,3179144,3184150,5006
10,3179147,3185550,6403
10,3182604,3185620,3016
10,3182607,3185640,3033
10,3182607,3185550,2943
10,3182624,3186021,3397
10,3182624,3186037,3413
10,3182629,3191112,8483
10,3182629,3184126,1497
10,3182629,3185550,2921
10,3182629,3185550,2921
10,3182843,3184126,1283
10,3182843,3185550,2707
10,3184126,3190756,6630
10,3185550,3191112,5562
10,3185550,3185961,411
10,3185640,3192420,6780
10,3185961,3191110,5149
10,3186021,3191298,5277
10,3190756,3192420,1664
10,3190768,3192420,1652
10,3191298,3192543,1245
10,3191298,3192420,1122
10,3987567,3992374,4807
10,3987567,3993413,5846
10,3987567,3992143,4576
10,4071219,4073783,2564
10,4243740,4244950,1210
10,4526663,4527852,1189
10,4526674,4530903,4229
10,4585717,4591488,5771
10,4611074,4613155,2081
10,4611081,4612812,1731
10,4664369,4666661,2292
10,4664369,4666661,2292
10,4666661,4676160,9499
10,4666661,4676282,9621
10,4666661,4675740,9079
10,4666661,4675740,9079
10,4666661,4675740,9079
10,4666661,4675740,9079
10,4666717,4676282,9565
10,4666717,4676282,9565
10,4666717,4676282,9565
10,4666717,4676282,9565
10,4666717,4675740,9023
10,4666717,4675740,9023
10,4666717,4675740,9023
10,4666717,4675761,9044
10,4666717,4674596,7879
10,4666717,4675740,9023
10,4666717,4675740,9023
10,4666717,4675740,9023
10,4666717,4675740,9023
10,4666717,4676282,9565
10,4675740,4682038,6298
10,4675740,4682038,6298
10,4675740,4676282,542
10,4675761,4683989,8228
10,4676282,4682038,5756
10,4676282,4682038,5756
10,4676282,4683989,7707
10,4676282,4682038,5756
10,4676282,4683989,7707
10,4676282,4681461,5179
10,4676282,4681461,5179
10,4681453,4683989,2536
10,4681457,4690358,8901
10,4682038,4685606,3568
10,4689246,4695862,6616
10,4689246,4693724,4478
10,4693470,4699349,5879
10,4737142,4746913,9771
10,4737168,4746913,9745
10,4745903,4749126,3223
10,4746441,4749126,2685
10,4746869,4749273,2404
10,4746906,4749273,2367
10,4746906,4749273,2367
10,4746906,4749126,2220
10,4746906,4749661,2755
10,4749126,4750028,902
10,4750888,4760235,9347
10,4751050,4760235,9185
10,4751382,4760227,8845
10,4760227,4761753,1526
10,4820746,4821065,319
10,5531822,5532731,909
10,5904516,5906848,2332
10,6066253,6071158,4905
10,6066287,6068409,2122
10,6066307,6068409,2102
10,6066418,6068409,1991
10,6066420,6068409,1989
10,6066587,6071092,4505
10,6066587,6070381,3794
10,6066607,6070381,3774
10,6066607,6070381,3774
10,6066607,6068409,1802
10,6067619,6070381,2762
10,6068409,6069748,1339
10,6068409,6070381,1972
10,6068409,6070648,2239
10,6068409,6070648,2239
10,6068409,6070675,2266
10,6069922,6070648,726
10,6070381,6070513,132
10,6070381,6071094,713
10,6070381,6071094,713
10,6070513,6073888,3375
10,6071003,6071094,91
10,6373175,6377477,4302
10,6398472,6402832,4360
10,6399454,6402832,3378
10,6399455,6402100,2645
10,6402271,6402832,561
10,6402589,6402832,243
10,6402667,6403890,1223
10,7107022,7112879,5857
10,8798458,8805727,7269
10,8798460,8805522,7062
10,8844033,8852378,8345
10,8844033,8853031,8998
10,8844114,8852648,8534
10,8844114,8850126,6012
10,8844114,8852648,8534
10,8844124,8853096,8972
10,8850126,8852648,2522
10,8852011,8852672,661
10,9213171,9219817,6646
10,9213396,9214837,1441
10,9214883,9223788,8905
10,9215713,9223788,8075
10,9215713,9223788,8075
10,9373262,9380156,6894
10,9376109,9378950,2841
10,9402522,9406513,3991
10,9531927,9538292,6365
10,9531984,9538292,6308
10,9532312,9540446,8134
10,9532405,9537289,4884
10,9532405,9538292,5887
10,9580332,9589893,9561
10,9585717,9589893,4176
10,9586012,9586766,754
10,9586050,9594319,8269
10,9586123,9594319,8196
10,9586284,9589893,3609
10,9586347,9589893,3546
10,9586637,9589893,3256
10,9586766,9596315,9549
10,9586837,9594068,7231
10,9586837,9594221,7384
10,10138689,10142900,4211
10,10138689,10142900,4211
10,10280389,10284980,4591
10,10281254,10285667,4413
10,10281254,10290867,9613
10,10285667,10290357,4690
10,10285667,10288808,3141
10,10290357,10290867,510
10,10386002,10394161,8159
10,10390993,10394210,3217
10,10391003,10394210,3207
10,10606256,10614931,8675
10,10606256,10615471,9215
10,10606256,10614931,8675
10,10615322,10620145,4823
10,10615322,10620145,4823
10,10615388,10620145,4757
10,10615388,10620145,4757
10,10615471,10620145,4674
10,10615471,10620145,4674
10,10826723,10829418,2695
10,10827129,10829311,2182
10,13551923,13557046,5123
10,14676490,14677905,1415
10,14906432,14908455,2023
10,14908256,14908572,316
10,14908711,14910818,2107
10,14909039,14911729,2690
10,16205646,16213631,7985
10,16206856,16213666,6810
10,16517575,16520178,2603
10,16568227,16572296,4069
10,19069975,19072528,2553
10,25565319,25568458,3139
10,70537727,70540271,2544
10,76723846,76727611,3765
10,77107739,77114830,7091
10,77180884,77189500,8616
10,77184061,77188849,4788
10,77185964,77188982,3018
10,77187015,77188982,1967
10,80039534,80046012,6478
10,80042305,80046144,3839
10,80042615,80043411,796
10,80043997,80046012,2015
10,80481996,80487888,5892
10,84229005,84231391,2386
10,84231391,84238721,7330
10,84234926,84239848,4922
10,85186618,85195327,8709
10,85187030,85195327,8297
10,85310797,85319947,9150
10,87090109,87097128,7019
10,87090840,87098980,8140
10,87132368,87133697,1329
10,87926096,87927675,1579
10,95210379,95212508,2129
10,95691187,95692135,948
10,97734676,97735155,479
10,99204479,99204933,454
10,99204788,99204965,177
10,99524138,99524292,154
10,107811206,107813856,2650
10,108117991,108122805,4814
10,109891706,109899637,7931
10,110199148,110201869,2721
10,110199255,110205731,6476
10,112574342,112584145,9803
10,113162413,113167020,4607
10,116865819,116867491,1672
10,117556835,117565910,9075
10,117569900,117573562,3662
10,117571222,117572094,872
10,118839336,118841110,1774
10,120671548,120671982,434
10,122267375,122272052,4677
10,123811034,123816877,5843
10,123816877,123819520,2643
10,124327878,124328916,1038
10,125195156,125197581,2425
10,125195660,125197581,1921
10,125195876,125197420,1544
10,125951124,125952856,1732
10,126567009,126567951,942
10,126584773,126588086,3313
10,126646780,126646930,150
10,126893232,126900304,7072
10,126893367,126898741,5374
10,126893460,126900304,6844
10,126894448,126900363,5915
10,126908871,126915144,6273
10,126908923,126912720,3797
10,126908923,126915144,6221
10,126908923,126915144,6221
10,126908923,126912806,3883
10,126908923,126912806,3883
10,126912720,126915144,2424
10,126912806,126915244,2438
10,127258708,127261930,3222
10,127355970,127365300,9330
10,127355970,127356802,832
10,127356959,127360008,3049
10,127360008,127362344,2336
10,127360152,127366781,6629
10,127362344,127366725,4381
10,127366725,127370466,3741
10,127366781,127371007,4226
10,127368439,127371013,2574
10,128560591,128565357,4766
10,128560640,128565357,4717
10,130076297,130079339,3042
10,130076297,130077631,1334
10,130076297,130079131,2834
10,130282579,130287777,5198
10,130287777,130288207,430
10,130302321,130307616,5295
10,130302321,130307616,5295
10,130302321,130307616,5295
10,132093970,132094696,726
10,132095659,132099205,3546
10,132171725,132172800,1075
10,132177658,132182955,5297
10,132255739,132256242,503
10,132526403,132533316,6913
10,132533308,132538995,5687
10,132533308,132538882,5574
10,132533649,132534069,420
10,132543041,132546058,3017
10,132543042,132552688,9646
10,132543042,132546058,3016
10,132552688,132560341,7653
10,132612571,132613603,1032
10,132613603,132620325,6722
10,132619654,132620325,671
10,133273294,133276502,3208
10,133315946,133325128,9182
10,133325128,133332879,7751
10,133328203,133332887,4684
10,133328203,133331877,3674
10,133329385,133331822,2437
10,133331826,133332884,1058
10,133332896,133337924,5028
10,133368158,133368903,745
10,133585453,133586903,1450
10,133586903,133587637,734
10,133728965,133737278,8313
10,134045141,134054402,9261
10,134045141,134054402,9261
10,134051985,134058616,6631
10,134583603,134583972,369
10,134583972,134585654,1682
10,134584067,134584789,722
10,134584789,134586031,1242
10,134585837,134592187,6350
10,134585989,134590870,4881
10,134600803,134601466,663
10,134601103,134601298,195
10,134829174,134830692,1518
10,134830341,134831670,1329
10,134830341,134831607,1266
10,134917983,134922309,4326
10,134992039,134997976,5937
10,134992137,134997976,5839
10,134992329,134992539,210
10,135055308,135059246,3938
10,135055314,135059903,4589
10,135058067,135067841,9774
10,135127854,135135342,7488
10,135622718,135629294,6576
10,135634522,135635399,877
10,135678095,135685698,7603
10,135679316,135683489,4173
10,135684779,135688366,3587
10,135685502,135687066,1564
10,135687066,135689714,2648
10,135998399,136005471,7072
10,136007547,136010570,3023
10,136007547,136012183,4636
10,136007575,136010570,2995
10,136072899,136076264,3365
10,136107226,136115475,8249
10,136615513,136616987,1474
10,136616008,136616987,979
10,136703953,136704766,813
10,136707303,136710296,2993
10,136832475,136840502,8027
10,136833683,136838086,4403
10,136833707,136838086,4379
10,136833708,136838083,4375
10,136838083,136839311,1228
10,136839406,136840502,1096
10,136878937,136881008,2071
10,136881008,136883270,2262
10,136934778,136939324,4546
10,137282927,137286265,3338
10,137313544,137318081,4537
10,137354245,137357165,2920
10,137354245,137357165,2920
10,137460494,137465143,4649
10,137472223,137479788,7565
10,137479889,137488368,8479
10,137479889,137487821,7932
10,137479889,137489729,9840
10,137487893,137489729,1836
10,137488372,137489729,1357
10,137500425,137504219,3794
10,137658936,137663263,4327
10,137662380,137663263,883
10,137673871,137674429,558
10,138018826,138027013,8187
10,138027028,138028524,1496
10,138042669,138048463,5794
10,138042686,138048243,5557
10,138045226,138048243,3017
10,138086370,138087745,1375
10,138210357,138212666,2309
10,138210362,138215309,4947
10,138210383,138215309,4926
10,138602317,138611648,9331
10,138607261,138611648,4387
10,138607261,138611648,4387
10,138607261,138611648,4387
10,138607261,138611648,4387
10,138663625,138667398,3773
10,138663771,138670432,6661
10,138663913,138669837,5924
10,138873729,138882335,8606
10,139081221,139081560,339
10,139081560,139083774,2214
10,139081560,139083049,1489
10,139118267,139123647,5380
10,139122371,139123647,1276
10,140045413,140049099,3686
10,140049455,140051093,1638
10,140049565,140051115,1550
10,140720985,140721873,888
10,140727578,140737508,9930
10,140737865,140741889,4024
10,140851957,140854163,2206
10,140969346,140974467,5121
10,140969346,140971431,2085
10,140969346,140978407,9061
10,140969495,140970802,1307
10,140970397,140979716,9319
10,140970800,140971431,631
10,140970802,140979832,9030
10,140970802,140977011,6209
10,140970822,140972595,1773
10,140971431,140979716,8285
10,140971431,140978407,6976
10,140971431,140979716,8285
10,140972595,140979682,7087
10,140972595,140980854,8259
10,140972595,140979765,7170
10,140974149,140978479,4330
10,140974149,140978407,4258
10,140978407,140979716,1309
10,141128397,141128597,200
10,141128491,141130703,2212
10,141271284,141276166,4882
10,141271419,141274226,2807
10,141271419,141276166,4747
10,141271419,141276166,4747
10,141271419,141276166,4747
10,141271419,141276146,4727
10,141271419,141276146,4727
10,141271506,141276146,4640
10,141271506,141276146,4640
10,141271506,141276146,4640
10,141271506,141276146,4640
10,141271506,141276146,4640
10,141271506,141279589,8083
10,141271506,141276166,4660
10,141271506,141276166,4660
10,141271506,141276166,4660
10,141271565,141272804,1239
10,141271565,141276166,4601
10,141271565,141276166,4601
10,141272804,141276166,3362
10,141272804,141276166,3362
10,141467722,141473196,5474
10,141557667,141566075,8408
10,141557667,141565985,8318
10,141557946,141565985,8039
10,141567285,141574617,7332
10,141587102,141588501,1399
10,141612327,141613183,856
10,141612327,141619577,7250
10,141613209,141621066,7857
10,141642193,141649214,7021
10,141825739,141827283,1544
10,141831634,141832954,1320
10,141941136,141950687,9551
10,142034303,142036292,1989
10,142068209,142078128,9919
10,142068220,142075973,7753
10,142068220,142075742,7522
10,142068220,142075973,7753
10,142070448,142075742,5294
10,142070448,142075950,5502
10,142074291,142075973,1682
10,142075950,142077926,1976
10,142095339,142099015,3676
10,142166617,142168423,1806
10,142166617,142172850,6233
10,142168381,142172850,4469
10,142335612,142337876,2264
10,142363105,142369516,6411
10,142365006,142369516,4510
10,142397171,142402596,5425
10,142397301,142402596,5295
10,142398193,142402477,4284
10,142398196,142406010,7814
10,142398214,142402596,4382
10,142398214,142406010,7796
10,142505992,142510276,4284
10,142606985,142607736,751
10,142715776,142715836,60
10,142716059,142718449,2390
10,142718449,142726223,7774
10,142792197,142795242,3045
10,142793355,142797198,3843
10,142793411,142798529,5118
10,142795242,142798529,3287
10,142958449,142966054,7605
10,142966434,142971411,4977
10,142966450,142971411,4961
10,143164369,143173948,9579
10,143164529,143173948,9419
10,143164583,143171843,7260
10,143164583,143169715,5132
10,143169653,143174689,5036
10,143169671,143172337,2666
10,143169725,143174689,4964
10,143173922,143175229,1307
10,143381643,143390533,8890
10,143381695,143388838,7143
10,143381895,143390533,8638
10,143382002,143390533,8531
10,143382002,143386791,4789
10,143382003,143386123,4120
10,143382003,143390533,8530
10,143385175,143394524,9349
10,143385389,143394524,9135
10,143386956,143390533,3577
10,143386956,143390533,3577
10,143386956,143390533,3577
10,143386956,143390533,3577
10,143386956,143390533,3577
10,143388838,143394524,5686
10,143388838,143390533,1695
10,143497330,143500651,3321
10,143500651,143502566,1915
10,143500743,143502566,1823
10,143500828,143502566,1738
10,143500872,143502566,1694
10,143502479,143502566,87
10,143502566,143506910,4344
10,143739028,143739972,944
10,143739028,143739972,944
10,143746511,143752061,5550
10,143746511,143752061,5550
10,143932701,143934989,2288
10,144521866,144527116,5250
10,144521866,144528154,6288
10,144521866,144528706,6840
10,144521866,144528706,6840
10,144521866,144528706,6840
10,144521949,144528706,6757
10,144522039,144529397,7358
10,144522059,144528706,6647
10,144524656,144528706,4050
10,144614973,144619447,4474
10,144615066,144624057,8991
10,144674855,144678541,3686
10,144678541,144684802,6261
10,144678541,144684759,6218
10,144678683,144684631,5948
10,144678730,144684808,6078
10,144682253,144684802,2549
10,144682253,144684646,2393
10,144684631,144688609,3978
10,144684631,144688609,3978
10,144685908,144686708,800
10,144686708,144692844,6136
10,144686708,144688208,1500
10,144687062,144693452,6390
10,144687077,144688208,1131
10,144688183,144692846,4663
10,144688183,144693452,5269
10,144688208,144692538,4330
10,144688208,144692844,4636
10,144688609,144692538,3929
10,144729584,144739563,9979
10,144737096,144741863,4767
10,144739415,144741863,2448
10,144739563,144741863,2300
10,144741893,144751472,9579
10,144854053,144854181,128
10,144854298,144854562,264
10,144854539,144854664,125
10,144914241,144915325,1084
10,144931877,144934682,2805
10,144932031,144933710,1679
10,144932198,144934632,2434
10,144932198,144933710,1512
10,145015566,145018447,2881
10,145095725,145097677,1952
10,145175157,145178848,3691
10,145175183,145178797,3614
10,145175183,145178797,3614
10,145175369,145178797,3428
10,145178797,145184608,5811
10,145178823,145183828,5005
10,145178866,145184608,5742
10,145183809,145185943,2134
10,145183828,145184608,780
10,145183828,145184608,780
10,145197674,145200575,2901
10,145197896,145203454,5558
10,145198047,145200575,2528
10,145198829,145203454,4625
10,145274283,145280961,6678
10,145274283,145280411,6128
10,145274283,145279214,4931
10,145275186,145279214,4028
10,145275186,145280961,5775
10,145275331,145279579,4248
10,145279286,145280414,1128
10,145279286,145280961,1675
10,145279579,145280961,1382
10,145280105,145285550,5445
10,145280411,145287294,6883
10,145280961,145287294,6333
10,145280961,145284855,3894
10,145284314,145285550,1236
10,145284314,145284928,614
10,145284314,145285600,1286
10,145349256,145352082,2826
10,145349256,145352120,2864
10,145349256,145351709,2453
10,145349256,145351709,2453
10,145349309,145351709,2400
10,145349316,145351709,2393
10,145349316,145351709,2393
10,145940156,145949555,9399
10,145940156,145948214,8058
10,145940156,145949555,9399
10,145940156,145949572,9416
10,145940156,145947736,7580
10,145940183,145949382,9199
10,145940183,145949382,9199
10,145940200,145949555,9355
10,145940200,145949572,9372
10,145940200,145948279,8079
10,145947780,145949382,1602
10,145947899,145948279,380
10,145947988,145949382,1394
10,145948279,145949572,1293
10,146164261,146165272,1011
10,146164618,146165272,654
10,146165272,146171339,6067
10,146165272,146171346,6074
10,146176555,146185835,9280
10,146176777,146185835,9058
10,146176777,146185835,9058
10,146176777,146185835,9058
10,146177579,146186615,9036
10,146396602,146398442,1840
10,146396602,146398442,1840
10,146396602,146398442,1840
10,146464943,146472071,7128
10,146579893,146584742,4849
10,146584830,146585205,375
10,146584830,146593471,8641
10,146585205,146593472,8267
10,146962299,146965560,3261
10,146964810,146969945,5135
10,146965701,146968769,3068
10,147010070,147014677,4607
10,147059504,147061583,2079
10,147120055,147126021,5966
10,147120055,147122969,2914
10,147121855,147126021,4166
10,147122501,147126630,4129
10,147122540,147125880,3340
10,147122615,147126021,3406
10,147122615,147123840,1225
10,147122615,147126630,4015
10,147122615,147125880,3265
10,147122969,147125899,2930
10,147123168,147125899,2731
10,147123168,147125880,2712
10,147123193,147126630,3437
10,147123216,147125899,2683
10,147126630,147135314,8684
10,147141132,147147672,6540
10,147142760,147150850,8090
10,147192509,147202469,9960
10,147192509,147202469,9960
10,147192509,147201165,8656
10,147192509,147201173,8664
10,147192509,147201179,8670
10,147201173,147202566,1393
10,147201179,147202418,1239
10,147201179,147202418,1239
10,147238401,147244763,6362
10,147238401,147240214,1813
10,147322075,147327750,5675
10,147392158,147401342,9184
10,147392871,147401417,8546
10,147392873,147400851,7978
10,147392905,147401342,8437
10,147400851,147405087,4236
10,147401417,147405087,3670
10,147404812,147405087,275
10,147449039,147458468,9429
10,147458575,147467090,8515
10,147458575,147467090,8515
10,147461214,147467090,5876
10,147461214,147466997,5783
10,147461754,147467090,5336
10,147461754,147467090,5336
10,147577516,147583913,6397
10,147580092,147583923,3831
10,147580227,147588129,7902
10,147586658,147595373,8715
10,147593431,147596568,3137
10,147593431,147596565,3134
10,147596565,147603656,7091
10,147811484,147820211,8727
10,147811484,147820211,8727
10,147811484,147820231,8747
10,147811599,147820211,8612
10,147811599,147820211,8612
10,147813599,147820211,6612
10,147813601,147820211,6610
10,147813601,147820211,6610
10,147813673,147822363,8690
10,147813673,147820211,6538
10,147813673,147822311,8638
10,147835815,147845503,9688
10,147837465,147845503,8038
10,147837465,147845647,8182
10,147842404,147845647,3243
10,147842404,147846102,3698
10,147845942,147855672,9730
10,147846026,147855967,9941
10,147846217,147855860,9643
10,147846217,147855678,9461
10,147846301,147855860,9559
10,147846301,147855678,9377
10,147846301,147855678,9377
10,147846301,147855678,9377
10,147846301,147855678,9377
10,147849342,147856376,7034
10,147890735,147898779,8044
10,147890735,147891637,902
10,147890735,147891683,948
10,147891683,147898143,6460
10,147898231,147906797,8566
10,147898238,147906797,8559
10,147898770,147902241,3471
10,147898770,147903631,4861
10,147898779,147903631,4852
10,147898779,147903737,4958
10,147898779,147903737,4958
10,147898832,147906815,7983
10,147898861,147906797,7936
10,147898861,147906797,7936
10,147898861,147900718,1857
10,147898861,147906815,7954
10,147898881,147906885,8004
10,147898881,147903631,4750
10,147898881,147902241,3360
10,147898881,147902241,3360
10,147898881,147902133,3252
10,147899365,147903737,4372
10,147902133,147906885,4752
10,147902352,147903631,1279
10,147996995,147997635,640
10,148084251,148090194,5943
10,148084251,148086513,2262
10,148084354,148090488,6134
10,148084409,148090075,5666
10,148107221,148111619,4398
10,148107221,148116133,8912
10,148107980,148117810,9830
10,148107980,148117810,9830
10,148107980,148116133,8153
10,148107980,148112945,4965
10,148109187,148116133,6946
10,148109199,148118178,8979
10,148109199,148117810,8611
10,148110639,148112944,2305
10,148410737,148414768,4031
10,148423268,148423438,170
10,148424867,148426733,1866
10,148424867,148426732,1865
10,148424867,148431586,6719
10,148424867,148431586,6719
10,148424867,148430553,5686
10,148424867,148431586,6719
10,148424867,148431586,6719
10,148424867,148431586,6719
10,148424876,148431586,6710
10,148426732,148430553,3821
10,148426769,148435483,8714
10,148426769,148431586,4817
10,148426769,148435084,8315
10,148426769,148431586,4817
10,148431903,148435483,3580
10,148507399,148514305,6906
10,148513130,148515953,2823
10,148513298,148515953,2655
10,148513298,148515953,2655
10,148513298,148515953,2655
10,148513298,148513578,280
10,148514173,148514545,372
10,148514173,148516001,1828
10,148514463,148516001,1538
10,148514526,148515953,1427
10,148516001,148523924,7923
10,148533473,148535370,1897
10,148533473,148536207,2734
10,148533473,148535390,1917
10,148535390,148536231,841
10,148628403,148629962,1559
10,148628403,148638240,9837
10,148628730,148638202,9472
10,148629808,148638240,8432
10,148631389,148640009,8620
10,148640250,148642595,2345
10,148640645,148643151,2506
10,148812062,148817784,5722
10,148829274,148833773,4499
10,148829337,148833491,4154
10,148830792,148833773,2981
10,148832916,148833491,575
10,148833334,148833773,439
10,148869639,148875887,6248
10,148876284,148878955,2671
10,148922158,148925836,3678
10,148934621,148934671,50
